KOG0583,7,1,Q940H6;Q9C562;Q9SMQ4;O65554;Q6AWV4;P43292;Q9LYQ8;Q93VD3;Q9LZW4;Q9SEZ7;Q9FJ55;P92958;Q9FFP9;Q8W1D5;Q39192;Q39193;Q9FLZ3;Q9SUL7;Q8S9D1;Q94C40;Q94CG0;Q9LP51;Q9MAM1;P92937;O22932;Q9STV4;P43291;Q38997;Q9M9E9;Q9LDI3;O80902;Q84VQ3;Q9C958;O64812;Q2V452;Q9FJ54;Q9XIW0;Q9SN43;Q8RWC9;Q9LEU7;O22971,ZERO,O62424;G5EED4;O17879;Q86S44;O44546;O44547;Q9TXI1;Q4U220;O61821;U4PR86;P45894;Q23128;H2KZK1;Q9GN62,ZERO,Q9VE58;Q9V3Z1;Q8T4D4;Q9VPW3;Q8T9L5,ZERO,Z4YHY2;B8A5A9;F8W583;F1R950;F1QN04;F1R964;F1QZ77;F1QD36;B0S5E5;B8A619;B8A5A5;F1QC32;E9QI67;F1RBU7;H9GXY2;H9GY71;E9QFL3;F1QHD7;F1R8Z5;F1QKR0;F1QUY5;E9QGG6;F1R6W2;E9QI79;E9QHN7;F1QKU7;H9GXC5;F1QF36;F1R505;F8W410;F1QS01;F1QXU2;F1QFP7;Q1LVI1;F1QPV7;B0S6U5;B0UX73;Q5SPE1;F1RAZ5;F1R2X1;I3ITJ9;E9QDG5;F1RA17;I3ITP8;I3ISX2;E7F516;F1QJ53;E7FFL2;E7F6S0;F1RAA6;F1REB3;I3ISV2;E9QDA7;F1QRZ0;E7F209;E7F7X7;F1QQM2;I3ISY2;F1R057;F1QH02;F1Q5E9;F1QKV5;I3ITP5;F1QI35;A5PN17;A5PN16;E7F040;A5PN15;Q5SPR4;F1RC72;E7FEM7;F1QIQ5;F8W231;B8A628;F1QLS9;F1QX68;F1QK27;F1RBE1;F1QHX8;H9GZC5;F1Q8X1;F1QDJ0;E7F3T6;B8A5A6;F1QIK9;F1R0W6;F1QFL3;F1QY82;F8W437;F1QLC7;B0S7F8;F1QH46;F8W3Y0;F1QER0;A3KQP2;F1QCK3;E7F2S1;I3IS95;B8A622;E7FG15;F1QA52;E9QD06;Q08BC0;B0UXE1;F1QQN3;F1QMR0;B0V0V9;F1QGU2;F1QKR4;E9QER9;F1QRU2;F1QSE8;F1R8K8;F1QDZ7;E7F7Y6;E7FG79;A0A0A0MPI0;F1QKI3;A2CEU3;F1RE37;H9GZE3;F1QWQ6;F1QTE5;F1R188;F1QYT9;I3ISE6;H9GX66;F1Q4L5;F1R8K3;F1QLD1;F1QQG5;F1QTI8;F1QVY3;B8JIN6;H9GXY0;F1RDA8;F1Q7K6;E9QBJ8;F1QLD9;F1QCD3;E7F3S2;F1QVL1;F1QWX9;F1QTA8;A2ARG9;E9QE71;E9QE87;E9QI89;I3ITN2;F1REL2;B8A625;F1QK99;B8JIW2;F1QY98;F1R6Z0;F1QWF5;F1QWF4;B0S6U4;F1R0G5;E7F426;F1QB23;F1QU75;F1R977;Q1LX85;F1QMM2;E7FBA4;I3IT68;H0WFD5;H9GXX6;F1RB75;F1RD44;F1QCV8;F1QY62;F1QPH7;F8W2H4;E7FB10;F1QCE0;F1QYN6;E9QEU8;F1QRN5;F1QSX0;F1QDN8;F1Q8R7;A0A0A0MPH5;F1QZH6;F1QMN7;E9QHP8;F1Q8L3;B0S7F7;F1RD41;F1QM12;F1QMC0;E7F7T4;B1WB50;F1QW72;F1RAT5;E9QIM1;B0S7F6;F1R835;F1R1H7;F1QG41;E9QED0;F1R487;F1QF12;F1QWT3;E9QHP1;B8A479;F1R2E1;F1R278;H9GY93;E7FD70;F1RBP9;F1QD44;B0R140;F1R4F0;F1QR35;F1R8K1;F1QPL2;F8W4N4;E9QBQ2;F1QUP7;B0S7G0;F1R5M1;E7FGF9;F1R3U4;E7FDP6;E9QHQ0;B0R139;F1R4Q7;F1QD22;F1QFH2;A3KQP4;F1R660;E9QJ21;F1QR20;F1QV45;F1QB93;F1QUU8;E7F252;F1Q5J0;E9QFF7;E9QCA7;E9QB51;F1QER1;F1QG72;F1R6F2;F1QRK1;F1QYE8;F1RA87;E9QIA8;F1R6N8;E7F0C6;F1QPE5;F1R919;F1R917;F1QAT9;B0UXE5;F1RCF5;F1QR14;F8W2F4;F1R6X3;B8JIW1;F1RBV1;H0WEV3;Q5TZ39;B0V154;H9GZ53;F1QCK1;F1QPH2;E9QJI9;F1QQF7;F1QIM3;F1QDW5;F1Q787;F1QA16;F1Q7A6;A5PN42;Q1MT58;I3ISJ5;F1QQS4;F1Q6Q5;F1QS37;B0S7G1;F1R050;F1RAG6;E9QDM9;E7FC93;F1R8Y6;F1QED4;B8JIN7;E9QD47;F1QV97;F1QZ28;F1R620;F1Q7P9;F1QKP2;F1QKI5;F8W2P2;E9QDF7;E9QIW0;E9QJM3;F1QQH7;F1R036;F1R1V3;F1QZJ4;B7ZDE1;F1RBB6,ZERO,A0A024QYW7;A0A024RD25;A0ZT98;A0ZT99;P57058;Q14680;Q15831;Q6SA08;Q86V86;Q8IY84;Q8N2I9;Q92519;Q96PN8;Q96RU7;Q96RU8,Q15831,Q03002;Q12505;Q01919;Q03785;P36003;P53233;P25389;P36002;P38691;P47116;Q12152,ZERO,O14328;Q9URY1;O59697;P08092;Q9HFF4;O13945,ZERO
KOG0379,7,1,Q9SHS7;Q8L7U5;Q9C8K7;Q8W4K1;Q9SJM2;Q93XW5;Q9FZ82;Q9SJF0;Q8RY71;Q9MA55;Q9LZ83;Q9LR78;Q9S7W4;Q8RWD9;Q0WWX4;Q9C6A4,ZERO,Q9N3K6;G5EEG5;Q95PZ3,ZERO,Q95TX5;Q9W3D5;Q9W281,ZERO,E7F538;E7EZ78;E7FFD1;E7F160;F1RDA4;E7F8I0;F1R1R9;F1QIX9;F1RDQ1;Q32PP0,ZERO,A0A024QZB0;A0A024R8A0;Q6PID8;Q8N7A1;Q8NEP7;Q9BQ90;Q9Y2U9,ZERO,P50090;P38853,ZERO,P15258;O14248;P87061,P15258
KOG1721,7,3,Q9LRW7;Q42410;Q681X4;Q9FZE5;Q9SGD1;Q96289;Q84K31;O23504;O81801;O81013;Q8W030;Q9FH19;Q9SCQ6;Q3EDL3;Q9C9X7;Q9SHD0;Q9LZD5;Q8GYC1;Q9SVY1;Q42453;F4IPE3;O81793;Q9FRH4;Q8VWG3;Q700D2;Q9SI97;Q9SSW1;Q8RWX7;Q9STM3;F4JGC8;Q9FFH3;Q940P2;O65499;Q9SIJ0;Q9M202;Q944L3;Q6BDA0;Q9ZUL3;Q9C538;Q9LX86;Q7G8T1;Q9LFG0;Q9ZWA6;Q9C8N5;Q9LIB0;Q9SLD4;Q9FII6;F4JYZ8;Q0WT24;O22759;Q9LVQ7;Q2V3L3;Q8H1F5;Q9FZE3;Q8W031;Q9LX85;Q9SSW2;O22533;Q9FX68;Q9SSW0;O64827;Q9SN24;Q39092,ZERO,O02050;P41995;O01709;Q22621;O76398;O02273;Q9N5X6;O62425;O44719;O44720;Q20537;Q17895;Q93902;P34303;Q18289;Q9N5H8;Q22678;Q22676;Q19807;G5EDE1;Q9N3C6;Q9XW26;Q18250;Q11107;Q9GZC9;Q8T7Z2;Q09452;Q965P0;Q19418;Q09659;Q20082;O44626;Q10938;Q22677;Q9BLC4;G5EDA0;P24349;O62259;O01960;O01961;Q10127;Q9N360;Q95Q03;Q09620;Q23521;O46016;Q21825;Q19203;Q09534;Q0PCD8;H2KYH4;Q9N5S3;B7WNA2;Q17768;Q93727;Q9XYD3;Q9TYN5;Q95PV6;Q7JNM3;Q65ZG6;B5U8M3;G5EGQ2;H2L008;P34708;Q9BHL4;G5EGB2;Q22024;G5EDL1;O17582;P34450,ZERO,Q86P48;Q9VR05;Q8MYW5;M9PE86;A0A0B4KGW2;P39413;P08970;Q4V6X9;Q9VHM6;Q7JUR5;Q9VJ55;Q9VUU3;P19538;Q9VPQ5;Q7KT79;Q8MS43;Q95RC3;Q9GU55;A0A0B4KEP0;A1ZBC5;P20385;P07247;Q95TH6;A0A0B4K731;Q9VGQ6;A8JNP3;Q9VYX2;Q0IGQ2;Q9VYG4;Q9VDZ3;M9PF60;Q9VH70;A0A0B4KFE8;Q9VNS1;Q9VJJ6;Q4V6W7;Q9VTK6;Q8MQX2;Q8SZX9;M9PFY1;Q0IGR3;Q7YZ91;Q9VUB3;Q8IG96;A0A0B4KFG7;Q8ST83;Q8MR68;Q8MLQ3;Q7KHG2;Q8T051;Q8T0D1;Q9VZ63;A0A0B4LFC7;Q9VAB8;Q9VN56;Q9VGL7;Q9VEW6;Q9VAT1;Q9VEF1;M9NES1;Q9VHR4;Q8SZ13;M9PFM9;Q9VIY9;Q9W137;Q9VDQ4;Q9W3J0;M9PHD3;Q9W3J4;Q9W3J9;P05084;Q9VGK1;Q7K3V3;Q4V6W8;Q9VRX0;Q95RA7;H9XVN7;A0A0B4JD76;Q24266;O77459;Q7YTY9;M9PCU7;Q9VI24;Q9VXT1;A8JV12;Q9VHM4;Q9VHM3;Q9VBN9;Q95T25;Q8MR37;Q9VYX0;Q9VRQ6;Q9VQ56;Q95RQ8;Q9VGL2;Q8SYQ6;Q9VGL0;Q4V6Y6;Q9VK36;Q9VAY8;Q9VFB9;P07664;P07665;Q9U9D0;Q960Q9;M9PFW2;Q9VCB2;O18401;Q9VRV4;Q8T947;Q8MRU2;P15619;Q8SX40;Q9VEF3;Q9VEF4;Q9VSZ3;Q961A1;Q9VF83;Q8IGF0;M9PBH8;B7Z0U8;Q9VM77;Q9VHA4;Q9VEF0;Q9VS55;Q9VQY7;Q9W0Q9;Q9VZU1;Q8MT86;M9PD91;Q6AWF1;Q9VRV0;A0A0B4K7A3;P23803;Q9VQS7;M9PD20;Q9VCM2;Q9VDQ5;Q7JW60;Q8T032;Q8T092;Q9VBR8;Q9VHJ6;Q5U0W3;Q9N658;B7Z0Z1;Q86BG2;Q8MSB3;Q9VG72;Q9VHA9;Q9V9V8;Q5U156;Q9U405;Q7K4G8;Q9VKQ7;R4GRV8;Q9W3W6;D4G7A6;Q7YTZ5;E1JII8;Q8T026;Q95S50;Q8I7Z8;Q8SZP9;Q9VIS7;Q9VIS5;A0A0B4K7S6;A0A0B4K6F4;Q9VZN4;R9PY21;Q9VTD3;Q8MR10;Q8T3Y6;Q95TI1;Q1LZ24;P39768;Q9W3X0;Q9VDQ3;Q8SXJ5;A0A0B4LFS0;A1Z8F4;Q9VXB4;A8JQX6;Q86NX5;Q9VDN4;Q7K1V0;Q9VQV3;Q9V3X8;Q9VXQ6;Q9VPA2;Q8MSC5;Q9W2U6;Q9VTY7;Q9VJL7;M9PC12;Q7K9G4;Q29R10;A8JNL9;Q4V5A5;Q9VQS6,ZERO,H9GYJ5;F1QTU3;B8JM03;E9QEF5;H9GYB9;E7F7R5;Q7T177;E7FG56;E7F5T3;H0WEX1;E7F8T0;B8A5Y1;F1R8R5;F1QYA1;F8W3L3;H9GZD0;F1QA88;Q1LXL7;E7FFH3;E7FG25;F1Q6P0;Q9W747;F1R3S0;E7F266;P26632;F1RCH6;E9QJ08;E9QE06;E7F611;F1QBY0;F1QW27;F1Q6F1;F1QVL2;E9QDF2;F1QRN0;E9QGS2;E7F1X1;E7F8B0;F1QVD6;A8DZB7;F1QWY3;E7F8Q7;E9QIE0;E9QID9;H9GZE5;H9GYK1;Q6YLV7;F1R149;E7F3D9;E9QGI2;F1R028;H0WFG2;H0WFG3;H0WFF8;F1QWL7;B0V0V4;F1QEW5;F1QSG7;F1QAV5;E7F342;E7FAF4;Q58EF6;H9GZI3;F1R2M0;F1R2M3;F1RDU9;F1RDJ2;F1R3A9;A5PMB3;B0S8G9;H0WEF9;H0WF36;E7EZR0;H0WE95;F1QRT7;E9QGC0;F1Q833;E7F7X2;F1Q959;E9QC22;E7FGH3;F1QT43;E9QG49;E9QG48;B8JLZ7;A2BIA1;H0WE79;H0WE75;H0WE76;H0WE81;O93311;E7FGF5;H9GZK3;H9GZ64;E7F334;H9GZ79;Q9DFS2;F1Q7V2;F8W413;H9GYX6;E9QEV6;F1R6S7;F1QG68;H9GZF9;H9GZ96;E7F0W4;F1Q4P3;K7DYA9;Q7T1S3;Q503R8;H9GY62;H0WF54;H9GZG6;H9GYU9;F1RAH5;F1R3Z6;F1RBA7;Q1LV62;E7F6E3;E7F5Q3;B0S6T1;E7FGS1;Q5TYN4;E7EXZ2;H9GYA9;Q1LVK7;E7F5Z4;Q6U1J4;E9QE58;F1R9Z7;F1RAZ7;H9GZH4;H9GYL6;F1QRM0;H0WE71;F6NAA3;H9GY92;F1QTW1;F1QTW0;F1QKT2;F6PCB5;Q29YB3;H9GZ50;H9GZ12;F1Q9L3;F1R3R7;H9GYF9;E7EYU6;H0WF00;H9GZ68;Q5BJ00;Q70ZY9;H9GYG3;G1K2U0;F1Q7X4;H9GYL1;F1QYB3;F1QRK8;E7F7H3;F1QCC5;F1R6U0;F1R0G1;E7F7N6;E9QIS6;K7DY75;F1R7Q9;F1QKF7;F1QQW8;H9GY64;F1Q5D6;E9QBC7;A8DZG6;E7EYJ5;E9QEH9;E9QE16;F1R2T0;E7F4L7;H0WF21;H9GZ32;F1Q7M2;F1Q7M0;F1R7F0;E7FAL0;A3KPV1;F1Q878;E9QCI2;F1QGT8;B0R155;F1QJG9;A3KPU5;F1R802;F1QS81;H0WE77;H9GZH5;E9QBS1;E7F398;H9GZ78;F1QN33;E7F1G0;A1L1R6;F1QSZ4;F1QFS4;F1Q5S4;F1R1N4;H9GZ89;F1Q7W6;F1QUH0;F1R8X2;A8DZB4;F1R6V0;F1RBQ7;Q3L0W2;E9QDF1;F1R401;F1QHK2;A2BF92;Q1L884;E7FAN3;Q25C93;K7DY82;F1REH3;E7F8C9;F1QQX2;F1R5U7;A2BEV2;H9GZD6;F1R971;H0WF13;A0A0G2KZ75;H9GXZ8;F1QSF5;E7FFQ1;Q6DBW0;F1QQZ7;E7F5F6;E7FCM4;F1QX47;H9GZI0;F1QAV0;F1R6G5;F1R6G7;H0WEF1;E7F4X1;F1R2F0;H0WEE4;E9QB95;F1R830;E7F2P4;A9JRR1;F1QS77;B8JLV9;E9QD69;H9GYY4;H9GZ51;F1R3N6;E9QJK7;E9QBV3;E7EYS2;H9GZD5;F1QY76;F1QA26;F1QV24;E7F042;H9GZC7;E9QE10;E7FAY1;F1Q7P4;H0WEV5;E7F8X6;F1QRT2;F1QAA6;H9GZ84;E7FGE1;F1QI69;F1QBP3;F1QXD4;E7EXL1;F1QZY7;F1QV26;H9GYS6;F1QC19;F1R3Z5;E7F148;H0WEK7;H9GYQ4;F1QUW7;F1R079;H9GXS9;Q1LUU5;A2CEY1;E7F8S6;A2BG51;E9QB61;F1QLK6;H9GY78;A3KPU7;E7F8R1;H9GYP0;E9QG34;H0WF48;H0WF40;H0WF41;H9GZI1;H0WEB0;Q1LUX5;F1Q9K5;F1QE04;F1R109;E7FFA3;E9QC09;E9QDJ3;F1R3R6;E9QGF7;H0WED5;H0WED9;F1QBY4;B8JLW1;F1QVH7;F1QTV3;F1QTV2;F1QQR8;F1QAC4;B8JM04;F1QH64;E9QC08;F1QZQ1;E7F7L9;H9GYE1;F1QBM4;E7EYY7;E9QDH3;F1QUN0;F1QUM9;F1QVQ1;F1RBH0;H9GZ82;Q7T2W1;H9GY72;H9GY73;H9GXU6;E7FEA6;E7FGC4;E7FGC8;F1QLK9;E7FEU0;Q1LUJ6;H0WE64;F1QQW2;Q1LW42;F1QP55;H9GYS4;H9GZ43;F1QVE3;H9GZ86;E7F8T1;H9GYA5;E9QIM6;B0R169;F1QBK6;H9GYE8;E7FAE0;F1QH89;E7FD58;H0WF33;H0WF32;H0WF29;H9GZ33;F1R241;F1Q7J3;F1RCY1;H9GY52;E7F490;E7FCZ7;A8DZB2;Q1L941;H9GYM5;F1QPF6;H0WEM5;H0WEC7;H0WEC3;H0WED2;E7F8Q2;H0WE97;H0WE98;H0WE99;E7FEW0;H0WE94;E7FDL2;E7F557;E9QBR4;F1QF52;A5Z1Y0;E7EXP9;H9GY96;E7FDC4;E7FDC0;E9QC11;F1QBN8;Q5RIQ4;K7DYJ6;F1QYU6;E7FE67;F1R8C2;H9GZ67;E9QIQ1;K7DY34;F1Q516;E9QGT6;A7KQF2;I3IT18;F1RCQ0;E7FE87;F1QW44;B8A688;H9GZ83;E7FED1;E9QES6;E7EZU0;H9GYV7;H9GZI9;K7DY53;E7F7I0;F1QFZ0;F1QF16;F1QCZ0;E9QG62;F1QVF4;F1QW80;H9GZ99;E9QHB1;F1R394;E9QHX6;E9QHY0;H9GZH2;E7F3S9;Q1LW46;F8W5Q3;A9JT69;F1QS06;H0WFI1;H0WFH9;F1RAC1;H0WFA3;H0WFA0;E7FFV1;A9JRY5;H0WEY3;H0WEY4;H0WEY9;Q90XE6;Q5J2I5;H9GZJ4;H9GZ59;E7FH42;E7F446;E7F443;Q1L8S9;E7FEM5;E7FEM3;F1R7Q2;F1Q8I7;H9GYI7;F1Q8J1;F1QX23;F1QSZ5;H0WEP0;H0WEP1;H0WEN8;H0WEN4;E7F1I9;H0WEJ4;H0WEK0;E7F6R9;F1R8N5;A8KC33;E7F7I1;E7F7I2;E7F7I6;F1QRL4;H0WE42;F1QVX0;F1R8Y9;F1QSH8;F1QEF2;F1RAU9;E7FDD0;H9GYD9;Q5CZM2;E7F7B7;A2BG67;E7FFJ1;B8A5Z1;H0WE46;E9QDP0;H0WE52;H9GYV0;H9GZI2;F2Z4W3;F1QU12;F1QU11;F1R9G8;H0WE37;F1QGF1;E9QIH2;F1QV78;F1R4Y5;I3ITI7;I3ITI4;F1QXF1;Q6PV84;Q6PWU7;H9GZE6;F1QUY0;F1Q751;E9QH90;F1QD55;A8KBW9;E9QCY2;H9GYT7;E7F4F9;E9QIP5;Q05AL8;E9QIA7;F1QKD4;F1QII2;H0WF69;H0WF74;E9QBF4;F1R855;B0V1A3;H0WEX3;H0WEX8;E7F7V9;Q5BLB9;F1QGZ3;H9GYT0;F1QTB4;E9QCB0;F1QVG6;F1QCE5;A0JMM0;F1QHW1;E7FF86;H9GZG8;H0WEQ1;E7F5M6;F8W2V9;H0WEJ1;Q1LW50;F1R6Z9;E7FFB9;F1R7B1;E9QB73;F1QPW6;F1R0P2;E7FCC4;F1QM99;E9QB88;H9GZH1;F1QH00;F1QFQ5;E7FDZ5;Q1LVU5;F1QWS4;E9QEN1;E7F975;F1QKE5;Q6VUB8;F1QKI8;F1QJY5;F1QB13;F1QTJ3;Q5RIH3;F1RA62;A8DU70;E9QI52;E9QJ07;H9GYR8;A8WFT7;H9GZ75;E7F1C1;F1R9Q3;F1QMI5;A3KNX0;E7F2D9;E7F8E6;E7FFC8;E7F6W9;F1QQC6;E7FCJ3;E7F6V8;A5WWL1;H0WF80;B8A5Z6;H0WF07;H0WF05;F1R0J1;E7EY28;B8A603;H9GYI3;H0WEQ8;H0WEQ4;H0WER0;E7FH17;H9GZ41;E7F8I8;H0WEH7;F1R8K0;F1QF44;H9GZH3;F1QM98;H9GZF5;F1Q7L9;E7F2D3;E7FDR4;H9GYR3;E7F031;E7F2K0;F1Q8D4;F1Q8D3;E9QCJ2;H9GXN0;F1QMI4;E7F8L0;F8W2D9;Q56A57;Q1LXK1;H9GZD2;Q9DE40;F1QSD8;H9GYQ7;E9QJ51;F1QC66;F1QRA4;H9GY40;E7F0D9;Q5SNS6;F1QQY0;E7EZ08;H9GZJ1;E7F8H7;H9GYG4;F1R6E9;I3ISD9;Q9PUT7;F1Q4L6;E7FAJ2;H9GYH1;K7DYM3;F1QJK7;E9QIX1;F1Q5C5;H9GZK2;E9QG58;A2BIH4;I3IS61;F1QD57;A8DZC2;E9QG47;F1RE93;Q7SYJ3;Q6P2A1;E9QE82;E7F023;H0WFD2;A2BGW8;E9QF23;F1R8F3;E9QFC9;Q6JAA4;A9JT09;F1QDA0;F1REL0;H0WER4;H0WER3;H9GZ90;H0WEG4;H0WEG3;H0WEG8;H0WEG7;E7EZQ1;F1QKW6;E7EXD3;F1QDX3;Q1LWP3;E7FA42;F1RBL4;Q1LYK4;H9GZI6;B0S7N0;E7F931;F1RDL5;F1QLC4;E7FBU0;F1QUN1;Q3L0W1;F1RC07;F1QZ23;E9QBY5;F1QC22;Q5XJQ7;F1Q7P1;A0A0A0MPI4;E7EYW4;E9QEP0;F1QF56;F1QJP6;B8A5Z3;Q1LVT7;A2CEX9;F1QEA5;E7F1E6;H9GY80;A8KBM3;F1QRX0;H9GZ00;E7FG04;E7F6L3;F1QE43;F1R1S2;E7F3C2;F1QVJ5;E7FBG8;F1R7E0;F1R4T3;F1Q8B8;H0WFD9;H0WFE5;F1QJP1;F1QEB0;F1Q913;F1R5J3;A8E7N7;F1Q7G6;F1QUN3;E7F1T3;F1QI45;F1R5U2;H9GZE7;F1RD83;H9GXS6;Q1L8T8;H0WES2;H0WES3;H0WES5;H0WES6;E9QEC5;H9GZ38;H9GZ39;E7F9F8;F1QLD0;E7F9G9;F1R3M9;E9QEY9;F1QTT9;E9QD95;F1R8L4;F1QCE1;E7F3E4;H9GYY5;H9GY90;H9GZF4;F1QBV3;F1RDL4;E9QJH7;H9GYE5;H9GXI3;E7EXQ8;H9GYP3;F1QYL8;E7F0S1;E7F5C8;Q7SXV2;B0S664;E7F1W7;H9GZ76;E7F1V7;Q1MT01;F1QL25;F1QB22;Q1LW44;E9QJB1;F1RE12;A5PMB0;F1QP14;F1QJV5;B8JL63;E9QGJ8;F1R9S6;E9QG00;E7F6L7;F1QUZ7;F1R3M8;F1R388;H9GZ23;F1QVK4;H9GZ24;E7FBH2;F1RAU1;A2CEX8;H0WFB6;H0WFB4;H0WFB1;A9JTG0;H9GY33;A8KBK0;H9GXJ3;H0WF43;F1QVA9;E7FCB1;E9QDP6;F1RCW7;B8JLW0;H9GYH9;F1RDH0;F1R9A5;F1QNV3;H0WET6;H0WET8;E7EZ57;F1QMM8;E9QB11;H9GYK9;F1QRK5;H0WE63;E7FF30;H0WE69;E7F0G4;E9QFQ8;F8W3Q1;E7FBV8;F1QMP7;A3KPU3;H9GYD5;F1QCD1;E7FCD3;F1RA54;A0MS83;E7F2V5;F1QCG8;Q5EAQ6;E7F0T3;H9GYE7;A2BE84;E9QHC4;E7F5B2;E7F5B0;F1QGB6;F1QGB5;E9QGT1;F1QPP4;F1R609;H9GYJ6;F1RDX5;E9QFI9;E7EY17;H9GZC1;B0VJZ9;F1R9U2;H9GZL0;E9QJQ1;F1R0S1;H0WFH3;H0WFH2;H0WFH6;B8JHY1;E7FD75;F1QL00;H9GZJ7;E9QEE1;H9GZG9;H9GXZ4;E7F500;F1QG99;H9GZJ6;B8JLW3;E7FEL2;A8WFV9;F1QP84;F1QFB7;E7F7C6;F1R9B6;F1Q9I0;E7EZ00;H0WEU6;H9GXW1;H9GYW4;E7EZP5;H9GXQ5;H9GYZ1;E7FFE6;A8E7H6;Q9IAT0;Q1LXI7;I3ITC3;I3ITM2;F1Q792;H0WE53;H0WE54;H0WE57;E7F0B9;E7F222;Q1LWQ5;F1R9S4;E9QBV2;F1QEF9;B8JM01;E9QD68;H9GZJ0;F1QKP5;K7DYD8;Q1LVT8;E7EZ61;H9GYG7;F1QLN2;H9GYG6;F1R7V0;F1R9L3;A0A0A0MPG9;E9QGJ2;E7F4P0;F1QIY2;F1QTN3;B0R154;Q1LXM0;E7F3B8;A5WWL2;F1RDX6;F1QAS3;F1R5N6;F1Q8J8;F1QHV0;H0WEL4;H0WEL7;H0WEM0;A8DZB8;F1QE57;A8E7A9;F1R6B7;E9QCQ3;E7F8Z9;E7F7L2;H9GZ56;E7F097;E7F453;F1QWV2;E7F5W5;F1R2Z0;E7F660;E7FFC2;F1RES6;E9QG75;E9QG74;E9QFT6;F1QXJ3;F1QJI5;H0WEI9;H9GYV3;F1R0D9;H9GXJ7;H9GXV9;A0A0H2UKG6;E9QHG3;K7DYE8;E7EZ93;F1RD16;Q66HY5;E7F7H9;H9GZG7;E9QBK7;F1QNW5;B8A5Z5;F1RA31;E7FA19;B0JZJ0;F1R5X2;F1R1W3;F1R5Q1;F1Q4U6;B0S6I8;E9QCD4;F1R041;E7F5N0;H0WEK5;H0WEK2;A8DZC6;H9GYL9;H0WEA4;H0WEB2;F1QWQ9;H9GZK1;E9QBS2;F1QEE5;H9GYB6;E9QH10;E7F879;H9GZF6;H9GZG5;E9QG09;F1QRD5;Q90XE7;F1R1S6;E9QHZ9;F1RCP9;A4VCH2;E7FBX7;F1R0V3;E7FH44;E7F311;H9GXV4;F1QRJ7;E9QJL1;F1R553;Q1RLR5;F1QVA1;E9QHF8;H0WEL6;F1QKN2;F1QB97;E7FDJ0;F1QFX7;H9GZI7;F1R165;B8A4C5;F1QLB1;H0WF66;H0WF63;H9GYY1;E9QGW7;H9GY20;F1QQA4;F1R4Q4;Q29YB2;H9GYK8;F1Q8G2;F6NIE2;B8JM00;E7F9N0;F1R449;F1R210;F1QAT4;B8JID2;F1R8E5;H9GYM1;H0WEB3;E7F6G1;A2CEY0;E9QBD6;H9GYB7;E7F7W1;A3KPV2;F1Q5Z5;B8A5Z0;H9GYC6;H9GZ37;F1RCA3;E7F276;E7FEX8;F1QCD5;F1RBR7;A8DZC7;K7DY25;E7FG30;B8JLV8;F1RD22;H9GYU8;H9GY94;H9GZ10;E7F850;I3IT94;E7EZN1;F6PBU5;F1Q696;E9QG53;H9GZL4;E7F7Z6;Q1MT00;A2BGS7;E7F5W1;F6P8K4;E9QJM2;F1Q810;A5WWK9;F1QCH3;E7F7J3;E7F874;H9GZ14;E7EZA9;E7F093;F1R158;F1QLZ6;E9QHB6;Q1LW41;E7F636;H0WFF4;F1R0V2;E7EY84;F1QSJ3;H9GXC9;F1QND6;F1QQA8;F1QW97;F6NFQ1;H9GZG2;F1Q8F4;F1QPA5;H9GYA4;H9GXT0;H9GY98;H9GYJ4;B8A5Z4;H0WE92;F1QCW1,B8A603,A0A024QZB2;A0A024QZC7;A0A024QZC8;A0A024QZG5;A0A024QZI1;A0A024QZZ4;A0A024R087;A0A024R0G3;A0A024R0G4;A0A024R0L0;A0A024R0N3;A0A024R0P4;A0A024R0P7;A0A024R0T0;A0A024R0U0;A0A024R1C4;A0A024R1M5;A0A024R260;A0A024R283;A0A024R2M2;A0A024R2N1;A0A024R2Z2;A0A024R3C6;A0A024R3M3;A0A024R3X8;A0A024R4I3;A0A024R4J0;A0A024R4J5;A0A024R4L3;A0A024R4L7;A0A024R4N6;A0A024R4P7;A0A024R4Q0;A0A024R4Q2;A0A024R4Q4;A0A024R4Q9;A0A024R4R8;A0A024R4S5;A0A024R4S6;A0A024R4S7;A0A024R4T5;A0A024R4T8;A0A024R4Z1;A0A024R5A6;A0A024R5Q5;A0A024R5S3;A0A024R5Y9;A0A024R7A3;A0A024R7B1;A0A024R7B5;A0A024R7D7;A0A024R7E0;A0A024R7Q8;A0A024R7T4;A0A024R7T5;A0A024R7T7;A0A024R7Z0;A0A024R8I0;A0A024R9T8;A0A024R9X4;A0A024RAF3;A0A024RBM7;A0A024RBR7;A0A024RC04;A0A024RCI2;A0A024RCK7;A0A024RCL4;A0A024RCM2;A0A024RCU3;A0A024RDC4;A0A024RDY6;A0A075B6F0;A0A075B756;A0A087WSX5;A0A087WT08;A0A088AWK7;A0A090N7S8;A0A090N7U3;A0A090N8N3;A0A0A0MR41;A0A0A0MR47;A0A0A0MR57;A0A0A0MRD6;A0A0A0MRS1;A0A0A0MRU8;A0A0A0MS76;A0A0A0MSW5;A0A0A0MT14;A0A0A6YYC7;A0A0A6YYI6;A0A0C4DGB4;A0A0G2JH32;A0PJY2;A2RRD8;A2RUI7;A5HJR3;A6NGD5;A6NHJ4;A6NJL1;A6NK53;A6NK75;A6NM28;A6NN14;A6NP11;A8MQ14;A8MTY0;A8MUZ8;B2RXF5;B4DU55;B4DX44;B4DXR9;B7Z5R0;B7Z6K7;C9JN71;D3DPV3;D3Y299;D3Y2A0;D6W5D9;E7ETH6;F2Z351;F5H0A9;F5H5K5;F8WDT6;H3BQ85;H3BVH4;Q96MX3;Q8IW36;P0CG23;Q8NI51;Q9HC78;Q96CX3;P17024;Q9H9D4;Q6P280;O95625;P52738;Q96SQ5;P17028;Q8TD23;P31629;Q02447;Q8NDP4;Q5JPB2;O15535;Q9P2Y4;O14771;P17029;K7EM74;Q8NDQ6;Q5T5D7;Q9UL58;Q9Y2Y4;M0R129;Q6P9A1;Q6AZW8;Q8NCN2;Q9P243;Q96SK3;Q15916;Q2M3X9;O43298;P59923;Q8IZ26;Q96RE9;O95785;Q9H7R0;Q96C55;P10072;Q5SVQ8;Q96N22;Q96SL8;Q96N77;Q8N859;Q8WUU4;O75290;Q96SZ4;Q8ND82;Q16600;O43296;Q96ME7;P0CJ78;Q7L945;Q8IX07;Q9H7X3;Q96BR9;Q9UJU3;Q96EG3;Q99592;P98168;Q9UPG8;Q9HCK0;Q9H116;Q99684;V9HWI2;Q9UFB7;Q9Y330;Q9BRH9;Q3MIS6;Q8IZM8;Q8NBB4;Q6ZMY9;Q9Y5W3;Q6ZN57;Q96K75;Q8N8Z8;O95780;Q9UIE0;Q8N184;Q6AW86;Q96CK0;Q6BEB4;Q8TBJ5;Q9NQX1;Q9BU19;O43361;Q8TB69;Q14929;Q86UE3;Q9NPC7;O60281;Q8N9F8;Q7Z3K3;Q8N8J6;Q2M1K9;Q2TB10;Q9NQV7;Q8N554;Q86UZ6;Q6ZN08;Q6ZS27;Q8NHY6;Q9BWM5;P52746;Q3SY52;P21506;P17027;Q02386;Q86W11;Q8TAX0;P17035;Q96K83;P52741;Q3MJ62;Q6ZNG1;P17039;Q96K58;P17038;Q8N7B4;Q8TBC5;M0R135;O15391;Q6P2D0;I3L0E3;Q53GI3;Q9NZL3;Q6ZNH5;Q8N895;P98169;Q6ZR52;P17036;P10070;Q14526;O15209;Q15935;Q13118;Q9GZX5;V9HVY7;Q09FC8;Q5HY98;Q6PF04;Q86UQ0;Q8TF20;Q8IYI8;Q8NBF1;K7ENM7;Q03923;P15622;Q546S1;Q5JUW0;Q8N8E2;Q9NV72;Q9UK33;Q96NG5;Q9H2Y7;P17030;M0R082;Q8N972;O43313;Q14590;Q9Y3M9;Q96PE6;Q8N9L1;P59817;H9ZYJ3;Q8N4W9;Q02086;P17023;Q96ND8;Q15928;P15822;Q6ZN18;O60481;Q96I27;Q5CZA5;Q96N58;Q9Y2D9;Q8N883;Q9HAZ2;Q96CS4;Q9UC07;P52740;Q8TF68;P51523;P56270;Q96SR6;Q66K89;O15090;Q9UL59;Q15973;Q6NX49;Q9Y462;Q8N143;Q8NE65;Q8N1W2;Q9GZU2;Q08ER8;Q9NX65;Q96GE5;Q8NEP9;Q9BS34;Q5JVG2;Q6ZN55;O43345;Q6P3V2;Q96LX8;Q03112;Q6NX45;Q8N7Q3;M0R3E3;Q6N043;Q5JNZ3;Q9NU63;M0R2Z0;Q9HAH1;P51786;Q6ZN79;Q9H582;Q8N7K0;P08048;Q5T1R4;Q8TAU3;Q32M78;Q63HK3;Q6P9A3;O15060;Q9NPA5;M0R143;Q8WW38;Q96NI8;Q96LW1;P51508;Q96JG9;Q8TAF7;Q96H40;Q92610;Q8IWY8;P0CI00;P49711;Q2QGD7;P0DKX0;Q13351;Q96DT7;Q6ECI4;Q147U1;Q9UJW8;Q3ZCX4;P51504;Q9H4T2;Q05481;P08151;Q8N823;Q8N1G0;Q9UKT9;Q9P1Z0;Q9UJN7;Q96NJ6;Q08AN1;Q8NEM1;Q6P9G9;P52736;Q9Y2A4;P25490;Q15937;Q6IQ21;Q8NAP3;Q9NQV6;Q8IZC7;O43829;Q17R98;Q6ZSB9;Q9UM63;O14628;V9HW07;P0CG40;P51815;Q6ZN19;Q8NB42;Q5T619;P11161;O75373;O75820;Q49AA0;Q8N446;Q9UEG4;Q9BZE0;Q9BWE0;Q8NC26;Q2M218;Q06889;P17032;Q9H8G1;Q9Y2L8;Q5JVG8;Q5JT82;Q7Z4V0;Q3ZCT1;Q8NDX6;Q9NQX0;Q9UIH9;Q9HBT7;O60290;Q14119;Q08AG5;O14978;Q9C0G0;Q9Y2H8;Q8N9K5;Q86V71;Q53QU8;O95365;Q9HBT8;Q86YE8;Q4G0G5;P10073;O15226;Q8N7M2;Q5VTD9;Q13422;O95201;Q05215;Q7RTV3;P0CH99;Q96BV0;Q86Y25;Q15915;P35789;Q14587;Q3SY56;Q92618;Q03938;Q9C0D4;P16415;Q9UK10;Q9BRR0;Q6P1L6;Q9Y473;P0CG31;O43474;Q7Z7L9;P17025;Q9HCZ1;Q06732;Q8N8H1;Q9NR11;P17019;Q13129;Q02446;Q8IYX0;Q8NB50;Q96T25;Q9GZV8;Q9ULD5;Q9Y5A6;Q9ULJ3;Q9H4Q3;P10071;Q03924;Q14593;Q8TF45;P0C7X2;Q8WV37;Q8N988;Q76KX8;Q5FWF6;Q6NSZ9;Q9UK12;Q6ZN06;J3KNN9;Q969W8;P52742;Q9NXT0;Q96N20;Q86T24;Q7L2R6;Q9HCL3;P17014;Q8N2R0;Q9ULM2;P17022;O15156;Q8NA42;Q14872;P98182;P08047;Q8TC21;J3KR51;Q5T0B9;Q8IXZ3;Q9H0M5;Q9NW07;Q6NUN9;Q86XU0;Q9P0T4;P52744;Q6ZMS7;Q5TEC3;Q96C28;Q9NQZ8;Q6ZMW2;Q969J2;Q8TAW3;Q96C00;P58317;Q8N8L2;Q494X3;Q9NUA8;Q3KNS6;Q96JM2;P10075;P17017;Q9BXK1;Q5TC79;Q6ZMS4;P41182;Q3KP31;Q13127;O75362;Q9BS31;Q68DY1;Q9Y2Q1;O75346;Q8N393;P17021;L8B7P7;Q15697;Q8TAQ5;Q96NL3;Q9P2J8;Q3KQV3;Q96MM3;Q9Y2P0;O14709;O75437;Q13398;Q9UID6;Q96KM6;Q6ZN11;Q9Y2X9;Q7Z7K2;M0R1X1;Q96MR9;Q8N2I2;Q96IR2;Q7Z3I7;Q8TCN5;Q7L3S4;Q9NYW8;Q9BYN7;Q8TF47;Q6ZSS3;J3QLW9;Q86T29;Q8NEA6;Q14585;Q86TJ5;Q9Y6Q3;O15015;Q8NCP5;Q7Z340;Q6PK81;Q8NAM6;Q96JC4;X5DNR2;Q8N680;P52737;Q2M3W8;Q8IYN0;Q8N9Z0;Q8NAF0;Q9UQR1;Q8TBZ8;Q52M93;Q9UNY5;Q8NCA9;Q8N720;O43167;Q9H707;Q68DY9;M0R233;Q8N587;Q15072;Q8NF99;Q9H4Z2;Q0D2J5;M0R3I2;Q86VK4;K7ERI5;M0R378;M0QXA5;Q86WZ6;Q9P0L1;Q5T942;O60304;Q9HCX3;Q8IVP9;Q96JB3;Q499Z4;Q92766;P52747;Q9H2S9;Q68DI1;Q8NEK5;Q96JL9;Q9P2F9;P15621;Q6PDB4;Q9P255;P13682;Q14592;P0C7V5;P57086;Q8TDD2;P17020;Q96IQ9;Q9H7R5;Q5T6X2;Q7Z2F6;Q12901;Q9NWS9;M0R036;Q2VY69;Q96JF6;Q14586;Q13105;Q9Y2P7;Q5VIY5;Q99612;Q53Z40;Q96HQ0;Q9UL36;Q8IVC4;Q8TF39;Q96N95;Q9UC06;Q5HYK9;Q9UK11;K7EQM0;P57071;Q6PG37;Q9H5V7;P10074;Q96MN9;Q6R2W3;Q5SXM1;Q92664;Q8TA94,A0A024R1M5;A0A024R3C6;D6W5D9;Q02447;Q9Y2Y4;Q8IX07;P10070;Q546S1;Q06889;Q13422;O43474;P10071;P41182;L8B7P7;Q92766,Q12041;Q04545;P07248;P08153;P39943;P27705;Q03125;Q00453;P13574;Q12132;Q3E7B4;P39959;P38082;P21192;P33749;P39933;Q12139;Q05937;Q12145;Q07351;P32338;P47043;P53968;P32805;Q03833;P53035;P46974;P33748;P39956;P33400;Q12531;P41696,P38082,O74808;P78871;Q09838;Q9UTA1;Q9UTS5;Q9US36;Q10096;Q9P7D9;Q9UTL5;Q10076;Q9UTM0;O14335;O14258,ZERO
KOG1181,7,1,F4IHS2;Q9LXZ9,ZERO,O44881,ZERO,A0A0B4K884;A0A0B4KEE5;A1Z9S6;Q9VG45;Q9VVB5;Q24478;Q9W053,ZERO,E7F2C0;H9GYD2;Q6NYV9,ZERO,P21815;P56715;Q13316;Q8WVC0,P21815;Q13316,P43597,ZERO,O14029,ZERO
KOG0393,7,3,Q1LYV5;Q38903;Q9XGU0;Q5PNX9;Q38919;Q67XC6;Q38902;Q38937;P92978;Q9SBJ6;Q9SU67,ZERO,Q19739;O62422;Q94124;Q22038,ZERO,P48148;Q24192;M9NFF8;M9PBH7;Q7JWS8;M9PBU2;Q8SXY7;Q9VPG7,Q24192,E7FDG6;F1QA56;F1QM54;Q7ZUQ1;Q6DGB7;Q52WX7;Q5TZD5;E7F808;Q6DHM9;Q52WY8;E7F7Z2;E7EYA0;A2BHI1;Q6TEM4;E7EYX3;Q52WY2;Q803L7;Q7ZSZ9;Q5YLG6;Q1LY78;A2BI17;Q7ZVI3;Q7T399;A3QJU6;Q6DHE8;E7F6W1;F6P696;Q5U3T8;F1QCS6;A9JRY8;Q6PC71;Q6NUX8;F1R1D2;Q1LY89;Q6PE28;Q803F2,Q5U3T8,A0A024QZL4;A0A024R0I3;A0A024R1P2;A0A024R324;A0A024R3Q7;A0A024R692;A0A024R9R2;A0A024RAE6;A4D2P0;O00212;P62745;Q9BYZ6;P52198;Q6ICP4;Q92730;O94955;P61587;V9HWD0;Q9HBH0;Q6ICQ8;P60763,A0A024R1P2;A0A024R324;A4D2P0;O00212;P62745;Q6ICP4;Q92730;P61587;P60763,Q00245;P06781;P53879;P06780;P19073;Q00246,ZERO,O13928;Q9HE04;Q10133;Q874R1;Q01112;Q09914,ZERO
KOG0619,7,3,Q8GYK0;Q0WL06;F4K682;O48705;O80809;Q5G5E0;Q9SSD1;Q9SFG3;Q9SKK2;Q9C6A7;Q9SVM5;Q8W4Q3;Q1PEN0;O49325;O64566;Q9SSM0;Q9LQ21;Q9SRL2;Q9FH86;Q9SJH6;O49327;Q9LRX1;Q9XID2;Q9FH56;O64757;Q9LS80;Q6Q4D0;F4HT77;Q9LJS2;Q5PP26;Q9C906;Q6NQP4;Q9LT39;Q8VYG9;Q70CT4;Q9LS79;Q9FHL8;Q9LJK6;O49328;F4HR92;Q9C6A6;Q9M9X0;Q9LXU5;Q9FFJ3;Q9C6A8;Q9C637;Q9SVW8;Q7FZR1;Q9ZT98;Q93YT3;F4HV48;Q00874;Q5G5D8;Q0WN16;Q9S9U3;Q9FW48;Q8RWE5;Q9FPJ5;O48763;Q9LP24;Q9ZUK3;O81455;Q9SRL7;Q9M2Y3;Q9CA41;Q0WVH1;Q8VZG8;Q9FW47;Q9FW49;Q9LRW9;Q9LRV8;Q9FL15;Q9M1B6;Q9SHI3;Q9C9H6;Q0WR58;Q9C9H7;Q9MA83;Q9SGN1;O48849;Q9SHU4;P0C895;Q9FJ11;Q9M9X1;Q9M0H5;Q8RX63;F4IHG3;Q8GZ49;Q8RWI2;Q9FLK9;Q9LJS0;Q9LUN3;Q9SN38;Q8RXQ6;O49329;Q9SHI4;Q0WRZ8;Q9C611;Q9SVN2;Q9C699;Q9LI76;Q9FK66;Q9SKK5;Q9LJW7,ZERO,G5EG78;G5EFP4;Q93373;Q93377;Q18902;Q9U3A0;Q09564;Q22075;P90920;Q23580;Q22187;Q1ENI8;O01764;Q9N4Z5;Q9N5D7;Q93177;Q7JPD6;Q93539;Q9N3F2;Q9XW74;Q9TZM3;O61967;O02329,O61967,Q8SXT3;Q9VJ07;Q9W2D7;Q9VR83;Q7JWP9;A0A0B4KHY2;Q9VZ84;Q9VKX6;Q8IH19;Q9VJQ0;Q95S21;Q9V430;Q9VJN8;Q9VQS3;X2JJX6;Q7KV24;Q9VHV2;Q9VBR3;A0A0B4KHK5;Q9W2J7;Q9VT89;Q6NR19;Q7JPR9;Q7JXU8;Q24386;Q0KHN6;Q9VDD5;A0A0B4LGB0;Q7K2X5;M9PFH7;Q9VDD4;Q9VAD1;Q5U1A7;Q9W3T9;A0A0B4KFU1;Q7KT58;Q9VBP0;Q6AWM0;Q9W128;X2JCD3;Q9VEH4;Q9W266;Q86PM1;M9MSI4;Q9VT44;Q2XY26;Q9V9V6;Q9VV09;Q8T3J2;Q9VK22;Q9VHV3;B6IDK2;Q9VZZ4;Q9W2U2;Q9BN18;Q8SZV5;D0IQL1;X2J6K6;Q9VE49,ZERO,E7FC34;F1QG51;F1QG52;I3ITI1;F1RE98;B8JKF3;F1R0N0;B8JIB3;F1R616;E7F6K4;Q1LXA7;H9GY03;E9QIH3;B0S5R7;B8A5X5;F1Q9H7;F1QCS9;E7EXY6;I3IS38;F1Q6F4;F1QPU8;E7F5U2;F1Q8K6;Q6GMI5;F1QPB1;F1R2G2;A8DZ86;E7FDN5;H9GYJ3;E7F9S2;E7F333;I7HJH4;M9MM99;E7EXM1;F1QHX4;A2BIH6;E7FFN8;F1QJU2;Q66HV9;F1RET9;F1R2H9;F1QRY7;F1QX89;F1R770;F1QBH8;Q1LV51;E7FF15;Q1L8Y7;F1Q7R2;E7F0F5;A4QNV9;E7F7W3;F1Q7V7;E9QF02;E7F965;Q15JE7;E7FBM0;F8W4D7;F1QFI1;F1R6B0;Q1ED19;F1QKB4;Q5RI43;F1QJY2;B8A5X4;B8JIN1;G1K2U4;F1R1Q4;F8W5N7;B0S5X0;A0JMK3;F1QJL6;E9QJJ1;E7F2A9;F1QGN1;F1Q881;F1QLW6;F1QRB0;F1QFS7;F1QR37;B8JLP1;E7FB87;F6P621;B8JKM0;A2CF42;Q6DHL5;F1Q983;Q5RI45;B3DK88;E7F3W2;B0R160;F1Q809;F1R0V0;E7FE43;F1QCU7;F1QA76;F6NL91;F1R6I3;A3KH16;E7FBW4;E7FEH0;E7FB32;E7FDK4;E7FBY6;F1QLS2;E7EZ70;E7FB25;Q5RHE5;F1R6G3;E9QCF6;B0S8K3;A5WVM1;F1Q7W4;E7F813;F1QK21;F1QVN0;F1QNH9;E7F1H8;E7FFB2;E7FE13;F1R8Q8;E7FB24;A2BF98;F1QVP4;A8BBJ2;Q4H4B6;F1RDG1;F1R478;E7EXH9;F1R2S9;F1QT78;E7EZ83;B0S5B5;F1Q726;F1RDW2;F1Q661;H9GZ54;A9JRH0;E7EXN8;E7FDP8;E7FC40;H9GXC4;E7FCW6;F1QY29,Q4H4B6,A0A024R2R5;A0A024R4I8;A0A024R5I6;A0A024R5J7;A0A024R5J8;A0A024R870;A0A024R892;A0A024R971;A0A024R993;A0A024R9M3;A0A024RBC3;A0A0A8K8C7;A4D0T1;A4D1F6;A6NDA9;A6NIK2;A6NIV6;A6NM36;A6NM62;A8K0R3;Q86UN3;P14770;Q6WRI0;Q6P2D8;Q9BXN1;Q6NSJ5;P02750;Q8TDW0;Q9H756;Q7L1W4;P13224;Q9UFC0;Q96PE1;Q9HBL6;Q86YC3;Q6PEZ8;Q9HB75;Q9BTN0;Q50LG9;Q99983;Q8N7C0;Q9BZR6;Q6UXM1;Q6FH10;O43300;Q8N967;Q9P2V4;Q86VH4;Q6ZNQ3;P22792;P51888;Q13641;Q9P244;Q6UXK5;Q8WXD0;P23515;Q6P9F7;P07359;Q9ULH4;O14498;P21810;Q86UE6;Q9HBW1;Q5VT99;Q86VH5;Q8N6Y2;Q86X40;Q96CX6;O94769;Q96L50;Q9HCJ2;Q6UY18;Q7L985;Q9BXB1;Q68CR7;O60938;P51884;Q8IWK6;Q7Z5L7;Q9Y2L9;Q9UBM4;P35858;Q6EMK4;Q8N456;Q9Y4C4;Q8WUT4;Q5JU00;Q7Z2Q7;Q96DD0;Q96FE5;O60346;Q96NI6;Q38SD2;Q9HBX8;Q5BKY1;Q9UQ13;Q6UXK2;Q2I0M4;Q6ZSA7;Q9HBX9;J3KQU2;Q6NUI6;Q9NR99;Q86UN2;O15335;Q86SQ6,A0A024R5J7;P14770;P13224;Q9BTN0;Q99983;Q13641;P23515;P07359;O14498;O94769;P35858,Q08817;P08678,ZERO,P14605;O94294,ZERO
KOG0504,7,1,F4HT36;F4JG88;F4JVF4;F4K1T0;F4K1T9;O22265;P93002;Q05753;Q29Q26;Q56XJ1;Q5ICL9;Q6AWW5;Q8GWI1;Q8GX17;Q8GYH5;Q8L746;Q8LDN2;Q8LPS2;Q9C7A2;Q9FFL9;Q9FFM1;Q9FG97;Q9FH33;Q9FH34;Q9FMD0;Q9FNP4;Q9FX13;Q9FY48;Q9LF32;Q9LJW8;Q9LQP7;Q9LR59;Q9LSB0;Q9LU58;Q9LVG7;Q9LYA6;Q9LZ27;Q9LZ28;Q9LZ29;Q9M109;Q9M1I7;Q9M396;Q9M8X0;Q9M9R3;Q9M9R5;Q9S7I4;Q9S9T3;Q9SAR5;Q9SDA0;Q9SF48;Q9SJA5;Q9SKB8;Q9SQK3;Q9SR03;Q9SY76;Q9SZI3;Q9ZT72;Q9ZU96;Q9ZT78;Q9ZT76;Q9ZT73;Q9ZT74;Q9ZVC2,ZERO,Q18176;Q9U2C5;B7WN72;G5EFS1;O45398;Q9U2L2;Q9GYM5;Q23595;G5EBJ4;O18152;Q17583,ZERO,A0A0B4KHZ8;A8JQS3;B7Z0B1;M9MSB2;M9NFF9;M9PD95;M9PI73;Q7JQL2;Q7JUF2;Q7K5K0;Q8T9G9;Q94527;Q9VPY3;Q9W089;Q9VQI1;Q9VMV0;Q9VTS9;Q9VSA4;Q9VB40;Q9VT59,ZERO,A2AV32;A2CEZ8;A2CF23;A7YY95;A9C3P2;B0R1B6;B0S4T8;B0S6J8;B0S768;B0S7L8;B0UXZ0;B0UZD1;B3DJC4;B8A5T0;B8JIG2;E7EYZ4;E7EZH5;E7F095;E7F3S8;E7F461;E7F4C1;E7F6L6;E7F7S0;E7F8W4;E7F9M0;E7F9U5;E7FC91;E7FD97;E7FDG3;E7FFH0;E7FFI8;E7FFR2;E7FGI8;E9QEX9;E9QFU2;E9QHZ7;F1Q4U7;F1Q5L8;F1Q619;F1Q6S5;F1Q6Y2;F1Q811;F1Q993;F1QB63;F1QBD5;F1QBX1;F1QCG4;F1QCR9;F1QEW8;F1QEZ4;F1QFJ6;F1QHK7;F1QJ05;F1QM15;F1QMT8;F1QQ98;F1QX58;F1QXT3;F1QY53;F1R014;F1R0Q7;F1R1D9;F1R409;F1R573;F1R599;F1R859;F1RC68;F1RCM1;F1RE33;H0WF25;H9GXE5;H9GXX0;H9GYU5;I3ISM6;Q0II00;Q1LX77;Q1LX89;Q1LX92;Q501T0;Q502M6;Q5BJ03;Q5RIL5;Q5U3A5;Q68EL0;Q6DGX3;Q6GMG7;Q7T386;Q7ZW68,ZERO,A0A024R153;A0A024R2G8;A0A024R6E7;A0A024R796;A0A024RBW7;A0A024RD24;A0A024RE01;A0A0A0MQZ8;A2A2Z9;A6NHU9;A6NK59;A6QL64;A7E2S9;B1AK53;B4E2M5;C9JTQ0;K7PPU3;O75179;P19838;P20749;P25963;P57078;Q00653;Q15327;Q15653;Q3KP44;Q4UJ75;Q53LP3;Q53RE8;Q5HYF3;Q5JPF3;Q5SQ80;Q5VYY1;Q68DC2;Q6ICV4;Q6NXT1;Q6P6B7;Q6S545;Q6ZVH7;Q6ZVZ8;Q6ZW76;Q7Z713;Q86SG2;Q86YT6;Q8IVF6;Q8N6D5;Q8N8A2;Q8N8V4;Q8N9B4;Q8NB46;Q8NI38;Q8TC84;Q8WWH4;Q8WXH4;Q8WXI3;Q8WXK1;Q8WXK3;Q8WXK4;Q92527;Q96AX9;Q96BM1;Q96HA7;Q96NS5;Q99549;Q99728;Q9BQG2;Q9BQI6;Q9BXX2;Q9BYH8;Q9C0D5;Q9GZV1;Q9H765;Q9HCD6;Q9NWX5;Q9P2R3;Q9Y566;Q9ULJ7;Q9Y576;Q9Y574;R4GNA2;Q9Y2G4;Q9Y6H5;Q9UPS8;Q9UPX8,P20749;Q8NI38,P17442;P25631;P35845;P40480;P46683;Q02979;Q04749,ZERO,O14340;Q9C104;Q9HFE7;Q9UU77,ZERO
KOG0676,7,1,Q8LGE3;Q96293;Q9FKT0;Q9C9B2;P93738;Q8L4Y5;Q96292;P0CJ47;P53494;P53492;Q541W9;Q8GWA5;P0CJ46;P53497;Q8RYC2,ZERO,P10986;Q9GYR2,ZERO,A0A0B4LH50;Q9VWE8;P02572;P45889;P83967;X2JCP8;P02574;P53501,ZERO,E7F570;F1QUN8;Q7ZVI7;Q6XNL8;Q6DHS1;Q6IQL9;F1QHI6;Q7ZUZ2;F1RCB6;Q7ZVF9;F1R008;Q9I8V1,ZERO,A5A3E0;D2JYH4;P0CG39;Q8TDG2;Q9H568;P68133;P0CG38;Q8TC94;Q9Y615;Q9Y614;Q8TDY3;P63261;Q562R1;P63267;P42025;Q5JWF8;P61163;Q9NZ32;Q1KLZ0;Q9BYD9;P68032;Q6S8J3,P63261,Q05123;P38696;P60010,ZERO,Q9UTQ7;O94630;P10989,ZERO
KOG3030,7,1,Q0WNG6;Q8LFD1;Q9XI60;Q9ZU49,ZERO,Q19403;A8WFI4,ZERO,Q9V576;Q9VNU2;Q8IGV3;Q9VNT8;Q9VNU0,ZERO,A0PJR3;F1QNW9;F1R6F4;E7F171;E7F890;E7FBD6;F1Q6K0;F1QR56;Q1LWG9;E7F6N0,ZERO,A0A024QZU7;A0A024R7E2;O14495;O43688;Q5VZY2;Q8NEB5,O14495,Q04396;Q05521,ZERO,Q9UUA6,ZERO
KOG0658,7,1,P43288;Q0WUV3;Q39019;Q8VZD5;Q96287;Q9FVS6;Q39012;Q0WNV0;Q39011;Q39010,ZERO,Q93372;Q93344;Q9XX60;Q09595;P91267;G5EFV1,ZERO,Q7KKI9;P83101;M9PGC4,ZERO,Q1LYN4;Q9YH61;Q9YH60;B8JIQ1,ZERO,A0A024R0L5;M0QYV0;P49841,P49841,P38615;Q12222;P50873;P21965,ZERO,Q10452;Q9URT9,ZERO
KOG1414,7,2,Q1H5E5;Q8W191,ZERO,G5ECG2,ZERO,Q8MRE5;A0A0B4LHU8,ZERO,Q1LXX4;F1QP65;E7FFR4;E7F1F6;A2CEM8;A2RUX8;F1QW76;E7F664;B3DIW4;F1QIZ9;E7F1F7;B3DIE0;F1R7I8;E7FFG6;Q6P0S4;Q6DGM8,F1QW76,A0A024R0P6;K7ELQ4;P15336;P15407;P15408;P18847;Q02930;Q16520;Q6FG41;Q8N1L9;Q8WYK2;Q9NR55,Q16520,P40535;P39970,ZERO,Q09771;Q09926,ZERO
KOG0070,7,1,Q9M1P5;P0DH91;Q9LQC8;Q6ID97;P36397;Q9SHU5;Q9M9N1;Q9LIK1;Q9LYJ3;Q9FZ18;Q9LFJ7;P40940;F4HXI5,ZERO,Q94231;Q18510;P34212,ZERO,P61209;Q9VSG8;P40945;A1ZBK9;Q9VD65;L0MN60,P61209,Q6DHP3;Q7ZUZ7;Q7ZUW4;E7FBA5;Q803D1;Q6P6E8;B8JLB2;Q6P5L0;F1R8Q1;Q7ZVD8;Q6P5M7;E7F5T1;F1QXC3;F1Q4Q5;Q6DHP0;Q6P5M5;Q6ZM32;Q561U6;Q78AP9;Q6NYD8;Q6P3I7;Q6P5K1;Q5M9P8,ZERO,A0A024R0Y6;A0A024R3Q3;A0A024R4C5;A0A024R9Z2;A4D0Z3;A6NH57;A8K0M5;B0YIW9;H0YGG7;P18085;P36406;P49703;Q9H0F7;Q8N4G2;Q9Y689;Q969Q4;Q8IVW1;Q6T311,ZERO,P11076;P19146,ZERO,P36579,ZERO
KOG0714,7,1,Q9M2L3;O04087;Q2V413;Q0WVU7;Q9FH28;Q8RYC5;Q9M034;Q9M1Q5;Q8RXJ5;Q0WRX5;O80481;Q9FFK2;Q9FNA0;Q9SR91;Q9SY77;P93739;Q9LJG5;F4JY55;Q9XIF5;Q1G3W9;Q9SIL4;Q8L7R1;Q0WQM3;Q9FMF3;Q9SIL3;Q0WTI8;Q8L763;Q9SU57;O82623;Q9SSJ9;O49457,ZERO,Q20774;Q9U2L4;Q9TY07;Q94421,ZERO,Q9VX95;Q7JUZ6;Q9VFP0;Q9VPY9;Q9VNW0;Q5U0V4;Q9W083,ZERO,E7F2F5;A7MCD0;A0JMH5;F1R7T8;F1R1B0;A8WG70;Q6DEF3;B8JM56;E7F7A5;F1QB06;E7F6R4;F1QYB0;F1QW75;Q7SXR2;A5WUU0,ZERO,A0A024R0Z2;P59910;O75190;Q8TBM8;Q6FIF1;Q9UDY4;O75953;Q8NHS0;Q9H819;Q53QD7;Q6FHS4;J3KPS0;Q7Z6W7,O75190,P48353;P25294,ZERO,Q9Y7T9;Q09912;O94566;O13633;Q9UUG3;O13601,ZERO
KOG0092,7,1,P31582;Q9CB01;Q9SN68,ZERO,Q18773,ZERO,Q9V3C2;Q9V3I2,ZERO,Q7ZVP2;Q4KME1;F1QY92;F1QVA7;Q7ZUG4;Q6NYD6;Q6TGV2;Q7ZUW5,Q7ZVP2,A0A024R1U4;A0A024R2K1;A0A024R4A4;A0A024R7N9;A0A024RB09;K7ERQ8;Q9NX57;Q9UL26,ZERO,P36018;P36017;P38146;P36019,ZERO,P36586,ZERO
KOG4203,7,4,Q9M336;Q9LTY6;Q8VYB2;F4INB5;Q9FKS0;Q9LK34;O65583,ZERO,Q18825;H2L2I2;H2L2A8,Q18825;H2L2I2,P18824;Q9VRQ1;Q8MQK4,P18824,F1QWG3;F1QUV8;A3KQF0;E7FC99;B0S7A4;E9QGS0;F1QTT3;F1QGH7,F1QUV8;F1QTT3;F1QGH7,A0A024R2Q3;A8KAF9;P14923;Q9NWZ5,A0A024R2Q3;P14923,P18562;P27515,ZERO,Q9US43;O13867;O74427;Q9HE15,ZERO
KOG2100,7,1,Q84LM4;Q8VZF3;Q9FG66,ZERO,Q18253;Q7JKY3;H2L0B1;P34422,ZERO,X2J9P4;A0A0C4DHM8;A2RVG6;Q9VMM2,ZERO,B5DDZ4;A9C3Q8;E7FA33;F1R865;E7FGL7;E7F5R8;F1QBX3;E7F329;F1QTY6,ZERO,A0A024R2U9;P27487;P42658;Q12884;Q8N608,P27487;Q12884,P33894;P18962,ZERO,O14073;Q9P778;Q9P7E9,ZERO
KOG0082,7,1,C6KIE6;O80462;P18064;Q9C516,ZERO,Q20701;Q18434;Q20907;Q9BIG4;Q21917;P22454;Q9BIG5;P28052;Q19572;Q93743;Q9BIG2;P28051;O76584;G5EC80;Q20910,ZERO,D5AEN0;P20353;P25157,ZERO,Q90WX6;Q6P967;F1QDT7;Q90WX5;Q7T3D3;Q6TNT8;F1QHJ3;F1QXP2;F1QXX8;Q5YKG4;Q7ZW82;A9JTC8;Q6PBP1;E7FGX0,F1QXP2;Q5YKG4,A0A024R2Z1;A0A024R8M0;A8MTJ3;P04899;P08754;P09471;P63096;Q03113;Q5T697,ZERO,P87108;P10823,ZERO,P27584;Q04665,ZERO
KOG2177,7,2,Q8VZ10,ZERO,Q03601;P91483;O16734;Q93343;O16684;O01482;G5ED20;O76354;O01481,ZERO,A0A0B4LG15;Q7K4D1;Q4QPY0;Q9V4M2,Q9V4M2,B8JLS7;E7FER2;E7F2X6;F1QPS0;Q6DHS0;E7FDZ1;I3IRW2;Q503E5;F1R7X6;F1Q6W5;E7F326;F1QIF0;F1QRS9;E7EZC5;Q1MT13;E7FC65;F1QQV8;F1QTC4;F1QYE4;F1R7D2;A3KQE0;Q1LXS0;E7F341;E7F2U0;F1R6N2;E7FCX2;Q1MT12;B0S717;F1QUB4;E7F8W0;B8JI86;F1QZQ5;B0S6Z7;F1QF04;Q08C26;F1R3Q1;F1QN09;F1Q4M8;Q6IQH8;Q1MT10;F1QWI8;F1QJY4;F1QYG2;F1RC57;I3ITI3;E7F805;F1Q8S8;B0UX58;E9QDQ1;F1RAW2;E7FCZ3;F1Q977;E7FCI6;E7F9A4;Q1MT06;F1QMX4;F1QS63;F1Q6V2;B3DKE1;F1R437;E7F7F3;F1QIK4;Q1MT08;F1QJH1;F1QMZ7;F1R492;F1RBJ0;B0S6S0;E7FAH0;F1QT05;E7F5U6;F1R059;E7EYM0;F1QKR8;F1RE02;E9QFY2;Q6DEF5;E7F5R5;E7FBQ2;E9QHI9;Q7ZU70;F1QQG3;E7FEH8;E7FES6;F8W341;I3IT06;E7F6W7;E7EYE7;F1R390;E7FGM3;A5WUZ3;F8W3P8;F1QFW2;F1Q9Q8;F1QZ49;E7FBW9;F1QYX5;F1QQF9;E7F1U3;B8JID0;B0S723;F1R358;E7F510;B0S650;E7F6Y0;E7F4Z1;F1R9N2;F1QQZ4;F1R9Q7;B0S645;H9GXL9;F1Q9T2;E7FDQ1;B0S6S1;B0S5U2;Q5RIK0;F1Q6F7;F1QDD4;E7EZU2;Q1MT09,ZERO,A0A024R3T1;A0A024RCP3;A0A096LP39;A0A0G2JIV5;A0A0G2JIZ4;A0A0G2JJP1;A0A0G2JJX2;A0A0G2JMU7;A1L4K1;A6NDI0;A6NI03;A6NLU0;B2RNG4;B5MCJ9;Q5SRL0;Q96QB5;Q9H930;P19474;Q8N7C3;O75677;Q9C029;Q9BSJ1;Q8IWZ4;P0CI25;Q9H2S5;P23497;Q6P9F5;Q9BZY9;Q9UDY6;Q86WT6;Q5EBN2;O75678;Q86UV6;E9PII4;Q8IUD6;Q96F44;Q8NG06;Q9BYJ4;Q8TEJ3;Q6ZWI9;Q13342;O75679;Q6AZZ1;P29590;Q495X7;P0CG21;F8VTS6;Q6ZMU5;Q2L6J1;P0CI26;O15553;Q8N9V2;Q86UV7;Q96PL5;Q96BQ3;Q9NXI6;H3BRJ5;Q9C037;Q9HB58;Q8WV44,P29590,Q12161,ZERO,Q9P3U8,ZERO
KOG1291,7,1,Q9S814;Q9S9N8;Q9SAH8;Q9SN36;Q9FN18;Q9C6B2;Q9SNV9,ZERO,Q95XG8;Q21433,ZERO,A0A0B4K7L4,ZERO,F1QKX3,ZERO,A0A024R474;P49281,A0A024R474,Q05451;P38925;Q12078,ZERO,Q10177,ZERO
KOG1716,7,2,Q9ZR37;Q9M8K7;Q84JU4;Q8L613;F4J117;Q9SRK5;Q6DR30;Q9FEB5;Q9C5S1;Q570P7,ZERO,P34680;Q9XXK8;Q9TY00;Q95XK5,ZERO,Q9VWF4;Q9NGL1;Q8IQK0;A8JUQ2;Q6NN85;A0A0B4LHX7,ZERO,F1R3E1;H9GZF8;E7EXY0;Q1LWL2;B3DHB2;E7FH10;E7F9Y6;Q6PBT4;F1QL70;H9GY08;F1R592;F1R7R4;E7FDF4;F1QSM9;F1RCJ1;F1QDH7;B7ZD10;F1R0H5;F1R5W3;F1QS64;F1QXX6;F1R8T0;F1QCM9;F1QE78;A8WGA2;B0S6R2;F1QYI8;F1RDV6;F1QVZ9;F1Q669;Q566R7;F1R572;F1Q535;E7EZK3;A8E7M1;Q7SZF3;Q6DBR5;E7F5I4;F1QHT6;H9GXP5;F1QHH8;F1RBQ9,B3DHB2,A0A024R4L1;A0A024R5J4;A0A024R641;O95278;P28562;P51452;Q05923;Q13115;Q13202;Q16690;Q5VZP5;Q68J44;Q6B8I1;Q76I76;Q8WTR2;Q8WYL5;Q9BV47;Q9BY84;Q9H1R2;Q9NRW4;Q9UNI6;Q9Y6W6,P51452;Q9BV47;Q9NRW4,P38590;P40479;P38148;Q02256,ZERO,O13453;O13632,ZERO
KOG0581,7,1,Q9FX43;Q9LPQ3;Q94A06;Q8RXG3;Q9LQM8;O80396;Q9FJV0;O80397;Q9M8J5;Q9S7U9,ZERO,Q10664;Q9TYV7;Q8MPS3,ZERO,Q24324,ZERO,Q1LY62;F1QWJ5;A9JRD0;A5WWB4,ZERO,A0A024R5Y2;A4QPA9;P36507,A0A024R5Y2;A4QPA9,P08018;P32491;P32490;Q3E774,ZERO,P33886;P10506;Q9Y884,ZERO
KOG0032,7,1,Q9LJL9;Q38870;Q9ZSA2;Q9SCS2;Q6NLQ6;Q9FIM9;Q9ZV15;Q39016;Q9SJ61;O49717;Q9SZM3;Q38873;Q9ZSA4;Q9C6P3;Q3E9C0;Q8W4I7;Q8RWL2;Q9FMP5;Q1PFH8;Q38871;Q9S9V0;Q9ZSA3;Q93VK0;Q7XJR9;Q9LET1;Q8W490;Q42396;Q9FX86;Q38869;Q42479;Q38872;Q9SPK4;Q9SIQ7;Q9M101;Q9M9V8;Q06850;O80673;Q42438;Q38868;Q9FKW4;P93759;Q9SG12;Q9SSF8;Q9LDQ1;Q1PE17;Q9ZUZ2,ZERO,Q23260;O44747;O44997;Q9TXJ0;Q95QC4;O01761,ZERO,Q7K4Z6;A1Z7Y7;A4V110;Q8MZC6;Q9VG23;Q9VG26,ZERO,B0S5N5;E7F5Q6;Q6PC33;F1QFG8;E7FE41;Q6PHV6;E7F1H0;F1QN42;Q568I9;A5WVL9;Q1LVF9;F1R026;E7FE74;E9QHI3;F1Q551;F1QD90;F1QQJ1;A8C984;F1Q8Q8;E7FFC0;F1QAR7;F1QB18;E7F1A1;Q1LYE8;F1Q6U3;F1RB93;E7FEQ2;E7F3U5;E7FEG8;E7F987;A0JML4;F1QK36;E7F288;F1QB46;B5MF72;F1QB45;Q501V0,ZERO,A0A024R603;Q13938;Q32MK0;O43293;P11801;P53355;Q9BXY5;Q8TAS1;O75962;Q86YV6;Q96NX5;B0YIY3;Q9UEE5;Q8NCB2;O15075;Q53QE7;Q9H1R3;Q96QS6;H3BPX2;Q15772;Q9BYT3;Q8WWF8;Q6P2M8;Q16566,O43293;Q16566,P24719;P22517;Q03533;P47042;P38623;P38622;P27466,ZERO,O94547;Q10292;O42844;Q9P7I2,ZERO
KOG1677,7,1,B6EUC4;Q9C7P1;Q9C7P4;Q9LT81;Q3ECU8;Q5PP65;B3H4R4;Q9LQM3;Q9C9F5;O48772;Q8L7S3;Q8GXX7;Q8L7N8;Q9STM4;Q9C9N3;Q5RJC5;Q6NPN3;Q94AD9;Q84W91;Q9SQU4,ZERO,O18251;Q9U2V4;Q9U2V1;Q9XV46;O45289;G5EF15;Q9U2V2;O45491;O45493;Q9U1Y2;O02289;Q20155,ZERO,P47980,ZERO,Q9PU62;E7F3S4;F1RCP3;H9GXF3;Q6P3H0;F1QU82;F1QH59,ZERO,A0A024R658;P47974,A0A024R658;P47974,P47976;P47977,ZERO,P47979,ZERO
KOG2294,7,1,Q9SFV2;Q9SFV6,ZERO,O17617;Q10924;Q21187;E9P8A1;Q22510;P91278;O16850;H2KZ39;Q19802;Q18694,ZERO,Q9U1H1;Q02361;Q9XTP7;Q9W5X5;Q53YH1;D3PFH7;M9PF47;Q8SZ95;A0A0B4KGN1;Q8SX31;Q9V481;Q9VS05;P32030,ZERO,A3RK75;B3DGC2;F1R8Z9;A2CE80;E7F8H3;E7FFM9;Q566W3;A4IGC7;Q1LWZ9;F1R5S7;B0UXI2;F1R4K6;A1L1S5;A2CEM5;Q5I0F7;B0UXI3;E7FA97;Q568V0;F1QME9;E7F138;F1R3E6;Q5TYS1;F1QHL6;Q1JPV2;F6PES3;E7F6L1;Q5H7C2;F1R9K2;A2BGM5;K7DY44;E7FER3;B3DHP4;A0A0A0MPK6;F1R746;Q1LVK4;F1R6J3;F1QUF0;F1QJW8;F1QRF9;A7MBX0;E7F234;Q9DE25;Q6NY62;E7EZ33;E7FCL5;F1QZ26;B0R0B2;Q9DE24;Q6NW50;Q7SYM1;F1RES1,ZERO,A0A024R6I1;A0A024R8P1;A0A0A1EII5;A6NCE0;E0XEN6;O00358;Q6ZQN5;P55316;Q99958;O43638;P85037;Q12946;P98177;Q01167;Q12778;O15353;Q9NU39;Q12952;Q12947;Q12950;Q53ZD3;Q6PIV2;Q6PJQ5;P32314;O75593;Q08050;Q9P0K8;Q96NZ1;Q8WXT5;Q5VV16;Q9C009;Q6VB84;Q9UPW0;Q9UJU5;O60548;W6CJ52;O43524,A0A024R8P1;Q99958;Q12946;O15353,P25364;P40466;P41813;P39521,ZERO,O13606;O14270;O43058;O60129,ZERO
KOG2924,7,1,Q9FI94,ZERO,Q9XXJ0,ZERO,Q9VSF4,ZERO,Q6NYK1;F1R2M7,ZERO,A0A024R7D0,A0A024R7D0,P38791,ZERO,O94337,ZERO
KOG0616,7,1,Q9SL76,ZERO,P21137;Q7JP68,ZERO,Q9VL34;Q9VA47;P16912;P16911;Q03042;Q8MRK0;P12370,ZERO,Q6DBV8;F1R125;F1QN39;A3KMS9;Q7T374;Q7T2E5;E7FGA3;A2AVJ3,ZERO,A0A024R7J0;A0A024RBU5;P22612;P22694;Q13237;Q13976,Q13976,P06245;P05986;P06244,ZERO,P40376,ZERO
KOG0698,7,1,Q9FLI3;Q9LDA7;Q9LW60;O82637;Q9LNW3;Q8GY60;Q9LNP9;Q9CAJ0;Q9FX08;Q8VZN9;Q9SIU8;O80871;Q3EAF9;Q9FG61;Q9LRZ4;Q9SA22;Q9M9C6;Q9SZ53;Q9S9Z7;O80492;Q9FXE4;Q9SUF4;Q9T010;Q9LUU7;Q6NKS1;O04719;Q9M9W9;Q9XGZ9;Q9SLA1;Q9M1V8;Q9ZW21;O81716;Q9LNF4;P49598;P93006;Q8RX37;Q4PSE8;Q94AT1;Q9SD02;F4I7L4;Q9XEE8;Q8RXZ4;P46014;Q8L7I4;F4IG99;Q93YW5;P49599;Q9LR65;Q3EAZ3;Q7XJ53;Q93YS2;O64583;Q8LAY8;Q8RXV3;Q9M8R7;Q0WRB2;Q9LMT1;Q9FIF5;Q9LME4;P49597,ZERO,G5EDI3;G5EEM6;P49594;Q95XK4,ZERO,M9PCH3;O77023;Q9VJ61,ZERO,A0JMP2;A2ATY1;A2BE49;E7EY20;E7FAZ1;F1QD96;F1QKC2;F1R0V7;F1R3T2;Q6NYW2,ZERO,A0A0A0MQZ4;A8K6K3;A8MPX8;O15297;P49593;Q5SGD2;Q8WY54;Q9H0C8,P49593,P25646;P35182;P38089,ZERO,O14156;P40371,ZERO
KOG1609,7,1,Q9C5A2;Q9FFJ5;O64633;Q1H5A5;Q9FKI9;Q5XEN4;Q9LFC9;Q9SN83;Q9LPR9;Q9LYW7;F4HXK4;Q84K04;Q84RF4;Q9SQT6;Q6NKQ5;Q8GYT4;Q6E260;Q9LS14;F4JKK0;Q9XF50;Q4PS45;Q9FJJ6;Q2HIG9;O80611;Q5XV61;Q940P1;Q8GUG6,ZERO,Q93227;Q400N4;Q18997;Q20977;B2D6L6;Q9N5V7;Q21685;Q9XWI0,ZERO,Q9W3Y8;A1ZBY4;Q9W023;Q9VSX7;Q9VQI2,ZERO,F1QFG6;B8A530;Q1LVZ2;E7F4X3;Q5RFW5;F1RAT0;F1R1Q3;F1Q546;E7EZ17;I3IT38,ZERO,A0A024R7U2;A6NNE9;O60337;Q86UD3;Q86YJ5;Q8NA82;Q8TCQ1;Q9P0N8;Q9H992;Q9P2E8,Q9H992,P40318,ZERO,O60103,ZERO
KOG0594,7,1,Q9LZV4;P25859;O80345;Q8LG64;Q2V419;P24100;Q8LF80;Q9S713;Q9LV04,ZERO,O61847;G5ECH7;Q9XTR1;H2L0S7,ZERO,P23572;Q7K306;Q7KM04;P23573;P48609,ZERO,E7F9R5;A8WG02;E7F5L4;Q7ZWB1;Q7T3L7;E9QFH2;Q5RHX9;F1RDQ7;Q9DE44;B0UYG3;E7FCF2;Q1RLU9,ZERO,A0A024R980;A0A024RB77;A0A024RBB6;A0A024RBH0;A0A090N7W4;P06493;Q00534;Q00536;Q96Q40;O94921,A0A090N7W4;Q00534,P00546;P43568;P17157,ZERO,P04551;O74456;P36615,ZERO
KOG0034,7,1,Q8LAS7;Q9SUA6;Q9C5P6;Q9LS47;Q7FZF1;Q9FUQ7;O81445;O81223;Q7FRS8;Q8LEM7;Q9LTB8,ZERO,O16343;Q9N2Y1,ZERO,Q9VNF9;Q24214;M9NFW6;Q9VFQ4;O77424;Q9VG22;Q9VI40,ZERO,Q7T2F7;Q803Y0;Q6NYK0;Q66HZ0;F1Q5E1;E9QG20;Q6P005,ZERO,A0A024R9M9;A0PJX0;O43745;P63098;Q96BS2;Q96LZ3;Q99828,Q96BS2;Q99828,P25296,ZERO,Q9UU93,ZERO
KOG0239,7,1,F4IAR2;Q9ZVV2;Q0WN69;Q0WS04;F4K4C5;P46864;Q9FKP4;F4JGP4;Q9LX99;O81635;Q9SS42;F4KEC6;Q8W1Y3;Q84W97;Q9FHN8;Q9ZQ52;O80491;Q8W0Y9;F4I3N9;Q9FHD2;Q9C7T0;Q07970,ZERO,Q23124;G5ECC0;P91400;Q966M0;P45962,ZERO,P20480,ZERO,F1Q4T1;A2BFV6;Q1LUU7;F1QPR6;F1Q8U4,ZERO,A0A024RCS7;Q96AC6;Q9BVG8;Q9UIL4,Q9BVG8,P17119,ZERO,Q9US03;Q92376,ZERO
KOG1437,7,4,Q8RWC5;Q66GR0;Q9FT45;Q9FFK9;Q93W32,Q8RWC5;Q66GR0;Q9FT45;Q93W32,P90848,P90848,D3DMM4;A0A0B4KH94,ZERO,E7F5I3;Q75U66,E7F5I3;Q75U66,A0A024RDS2;Q15582,Q15582,Q07895,ZERO,O94439,ZERO
KOG0207,7,1,Q9SZW4;Q9M3H5;Q0WUP4;Q9SZC9;F4K8C8;Q9S7J8;Q9SH30;P0CW77,ZERO,G5EE14,ZERO,Q9VYT4,ZERO,F1Q5B3;E7FDM8,ZERO,A0A024RDX3;Q04656,Q04656,P38360;P38995,ZERO,O59666,ZERO
KOG0966,7,1,Q9LL84,ZERO,Q95YE6;Q95PV7,ZERO,Q9VYA5;Q7JVW5,ZERO,F1Q9E8,ZERO,A0A024RE06,A0A024RE06,Q08387,ZERO,O74833,ZERO
KOG0715,7,1,Q0WN54;Q9SH08;Q8GWW8;Q9SMS0;Q9SZU8;Q9SJZ7;Q38813;Q9SAG8;Q940V1;Q058J9,ZERO,Q95QQ1;Q93171,ZERO,D3DN23;Q2XYG4;Q7PLG1;Q8SZX1,ZERO,Q7SY41;F1QJZ7;B0S5B7;Q7ZUW0;F1Q755,ZERO,A0A0A0MT77;Q53G26;Q9Y2G8,Q53G26,P35191,ZERO,P87239,ZERO
KOG0789,7,1,O82656,ZERO,Q7YWN5;Q7Z141;O16728;O16729;Q22158;B0M0M6;Q21297;Q21291;Q7YZG5;Q20252;Q21522;Q21877;P91498;Q2V4X2;P42083;O45079;Q9N4H5;G5EGU2;O61789;Q9N520;P91345;O01736;Q21514;Q23105;Q20108;O01435;G5EGA9;Q9U2S5;Q966M2;O01556;Q9BL78;Q22852;P91568;Q19630;Q19629;Q9BL95;P34337;Q18385;Q9TY27;O44136;Q9TZB1;Q9XXA1;O02275;Q23602;Q95Y26;Q22668;O01767;Q18415;P28192;O44901;Q20179;Q9TZQ1;Q18652;Q95XL1;Q20019;O44448;Q18301;O18232;Q17787;O17840,ZERO,Q9VUH6;Q9W2F3;P35832;Q0KI81,ZERO,F1RAW9;F1Q8I4;F1QD04;F1RCZ5;B8A5J4;Q803R3;F1QIX3;F1QWT2;B0UYE7;F1QJR0;F1QZX7,ZERO,A0A0B4J1S7;A8K3M3;Q4JDL3;P54829;P23470;P35236;Q15256;Q99952;P17706;Q05209,A0A0B4J1S7;P23470;Q15256;P17706,P29461;P25044;P40048,ZERO,P32587;P32586;P27574,ZERO
KOG2220,7,1,Q8H1H8,ZERO,G5EBN5;P34552,ZERO,Q9XYY9,ZERO,F1Q5T7;F1Q653;F1QEF4;F6PBI5;Q1L8V5,ZERO,Q9H3S7;Q8IUC4;Q8TCX5;Q8WUM4,Q9H3S7,P48582;Q12033,ZERO,O13783;Q09807,ZERO
KOG0810,7,1,Q9SRV7;Q8VZU2;Q42374;Q9ZSD4;Q9SXB0;Q9SVC2;Q9ZQZ8;O64791;Q9ZPV9,ZERO,O16000;P91409,ZERO,A0A0B4JCZ4;M9PIV2,ZERO,Q1MTI1;E9QIP3;F1QX22;A5PMK2;E7F384;Q6PHV0;E7FAJ6;Q7ZV18;E7F2P0;Q6P5J5,ZERO,Q75ME0;Q53YE2;P32856;Q8N4C7;O75558;Q12846;P61266,O75558;Q12846,P32867;P39926,ZERO,Q9USH7,ZERO
KOG1601,7,2,Q8VZP4;Q9SKN6;Q8RWD0;Q9LRH6;Q9ZVD3;Q9M1U2;Q0WRG3;Q1PFY3;Q94KJ2;Q9ZPX0;Q6DBP8;Q9C9A9;O49743;Q9SZI6;P69781;Q9ZWS6;Q8H1G0;F4K554;Q9SHC2;Q9FJ16;Q9LU68;Q9FH57;Q8LC59;Q9LZJ8;Q8W4H1;Q9SB04;Q6QPM2;Q8GXL7;Q8LDM8;Q9LT45;Q5HZ36;Q9FGT7;Q7G8V2;Q39057;Q9LYP5;C0SV91;Q2HIV3;O65515;Q9SV30;Q96502;Q9M9B9;O80366;Q8L4M6;Q9M9B3;Q9LVG4;Q6LA42;Q9LIB5;Q940T9;Q9ZWS9;Q9FHH8;Q9LKL2;Q93WK5;Q9SK53;Q8LG10;O49741;Q9C9F6;O82632;Q8LC79;Q8LAU9;Q9FJ10;Q5PP38;O50055;Q949T9;Q8LG76;Q8GW81;Q6LA43;Q9FIS7;Q9SD38,ZERO,Q10655;O61924;Q8MQA7;Q9XUW7;G5EDN4;Q3S1J8;G5ECK1;B7WN96;G5EF25;G5EF71,ZERO,A0A0B4K6J1;A0A0B4KFB6;Q8T3J0;Q9BPQ2;Q9BPQ1,ZERO,F1QEY1;Q9W6U0;F1QQG0;F1QD30;Q91428;Q6NW63;B8JKU1;F1QVT3;Q05AJ3;Q7T3G1,Q91428,P23769;P43694;Q92908;Q9BWX5;P0C6A0;P23771;P15976;Q9UHF7,P23771;P15976,Q02710;Q96VH1;P40569;P43574;P40209;P26343;Q07928;P18494;P42944,ZERO,Q9USM3;Q10280;Q10134;O94720,ZERO
KOG0565,7,2,Q5EAF2;Q8GTS0;Q0WQ41;Q9LR47;O80560;A8MR21;Q84MA2;Q8H0Z6;Q9FUR2;Q9SKB7;Q0WT19;Q9SYK4;Q66GQ6;Q84W55;Q9SIS4,ZERO,O17590;P34370;G5EGN9,ZERO,A0A0B4K7D8;M9PHS8;O46094;Q9VTW2,ZERO,F1QV40;A2BGK3;E7FE22;F1QIE9;E7FE24;F1R4Y2;E7F1C2;F1Q8H1;E7FGE3;E9QIJ6;F1R2B7;F1QIY4,F1QIE9;F1R4Y2,Q15735;O15357;Q9NRR6;Q9BT40;P32019;Q01968;Q92835;O14796,O15357,Q08227,ZERO,O14306,ZERO
KOG0940,7,1,Q9SU29,ZERO,Q19404;G5EEJ0;Q9N2Z7,ZERO,A0A0B4KFU5;A0A0B4LH59;M9MS90;M9PFY9;Q45VV3;Q9Y0H4,ZERO,F1QEG9;A9JRZ0;F1R8M0;H9GXL4;E9QIB6;F1Q9J0;F1Q632;E7F1N4;Q1LYI3;Q1L8J7;F1R6K7;A2VCZ7;E7FEW3;Q307I6;H9GYM0;E7F4U3,ZERO,Q9HAU4;O00308;P46937;Q96PU5;Q9H0M0;O95817;P46934;Q9HCE7;Q9P2P5;O60861;Q76N89;Q96J02,P46934;Q96J02,Q03280;P39940,ZERO,O13834;Q92462;O14326;Q9UTG2,ZERO
KOG0202,7,1,Q9SY55;O23087;Q9XES1;P92939,ZERO,G5EEK8;G5EDU1,ZERO,A0A0B4LGB7;C1C5A0,ZERO,Q5U3A4;Q6ZM60;A0JMP4;A9C3Q4;F1Q7N8;A2BIP1;F1REJ1,ZERO,O14983;Q93084;P16615;O75185,P16615,P13587;Q01896;Q12691;P13586,ZERO,P22189;O59868,ZERO
KOG1703,7,2,P0C7Q8;Q84WJ0;Q0WSN2;Q9FJX9;Q8W4F0;Q9FKN7;Q9FJX8;Q9LVR6,ZERO,O44949;Q09476;Q9XXT7;Q9NEZ5;O44778;Q18208,ZERO,A0A0B4LGL0;D3DMM0;Q8T0V8;Q9VIE3;Q8MLQ2;Q9VXC1,ZERO,F1R1J6;E7F539;B8A5V6;A5PN58;E7F7U1;Q0PWB8;H9GYB1;F1QSU4;Q0PWB9;F1Q8D1;F1QCW0;B8JIG6;F1QK19;F1QR76,F1R1J6;A5PN58,O60711;Q96HC4;P50479;P49023;Q9NR12;O75112;Q53GG5;V9HW92;O43294;H7C1D1;Q96JY6,O60711;P49023;O43294,P35688;P36166,ZERO,O43052;O74398,ZERO
KOG0888,7,1,F4JPD9;Q0WUG9;P39207;O49203;Q8LAH8;Q6NLG3,ZERO,Q7KX00,ZERO,Q9VY27;Q9VA28;Q8SZV8,ZERO,Q6DI51;E7EZL7;E9QH64;H9GZ57;F1R2F7;F1QQX1;E7FBE9;F1R4T6,ZERO,A0A0C4DG91;O00746;P15531;P22392;P56597;Q13232;Q8N427;Q6FHN3;Q9Y5B8,P22392,P36010,ZERO,P49740,ZERO
KOG0084,7,1,Q9SEH3;Q9ZRE2;P28188;Q9FPJ4,ZERO,Q20365,ZERO,O18339;Q9VZ47;Q8IRK8;Q9W2S9;Q8IR98;Q8IRK9;O18332;Q9W2V3,ZERO,A0A0J9YIW5;A0A0N4STN4;A8WHV0;B8JLC8;F1Q8B3;F1RBB0;Q0P3V5;Q0P3Y1;Q498P3;Q4V984;Q7ZSZ0;Q7ZUV5,ZERO,Q86YS6;Q3YEC7;A4D1S5;Q9H0U4;Q9H082;Q5U0I6;Q14088,Q5U0I6,P01123,ZERO,P11620,ZERO
KOG2241,7,1,Q9M1X8;Q93VB0;Q9SVN5,ZERO,Q20970,ZERO,A1Z7K8;Q9VV60,ZERO,F8W4W5;B0V1K1,ZERO,P54577;Q12904,Q12904,P46672,ZERO,Q9P6K7,ZERO
KOG0852,7,1,Q96291;Q9C5R8,ZERO,H2KZL7,ZERO,X2JF59;Q9V3Q4;Q9VUM4;Q9VEJ0,ZERO,A2AWE1;A8E7G6;F1QSP8;Q6DGJ6,ZERO,V9HW12;V9HW63;P30048;Q06830,V9HW12,Q04120;P34760,ZERO,O74887;O42666,ZERO
KOG0592,7,1,Q9XF67;Q4V3C8,ZERO,Q9Y1J3;Q9UA62,ZERO,A4V166,ZERO,Q6NZV1;F1R447,ZERO,O15530,O15530,Q03407;Q03306;Q12236,ZERO,Q12701;Q9Y7J6,ZERO
KOG1302,7,1,Q94KJ7,ZERO,P34260;Q18891,ZERO,M9PF72;Q8SZS6,ZERO,A5WWE6;E9QGB0;F1QIC2,ZERO,Q96AX1;Q9H267;H3BMM5,Q9H267,P20795,ZERO,Q9P7V6,ZERO
KOG1040,7,1,A9LNK9;Q9LTS7,ZERO,Q7YTG9;Q19336,ZERO,Q9VPT8;P22293,ZERO,F1Q6H4;E7FGZ9;F1Q949,ZERO,A6NMK7;O95639;P61129;Q8N5P1;Q9UPT8,Q8N5P1,Q06102,ZERO,Q9UTD1,ZERO
KOG0666,7,1,Q84TI6,ZERO,P90866,ZERO,Q9VT57,ZERO,A8E4S2;F1QKS1,ZERO,P49336;Q9BWU1,ZERO,P39073,ZERO,O13958,O13958
KOG0731,7,2,A8MPR5;F4J3N2;F4KF14;O22993;O80860;Q1PDW5;Q39102;Q84WU8;Q8VZI8;Q8W585;Q9FH02;Q9FIM2;Q9M895;Q9SAJ3;Q9SD67,ZERO,Q9N3T5,ZERO,Q8IQQ9;Q8MT03,ZERO,E7F2S4;E7F6D6;A9JRG9,E7F2S4,Q9UQ90;Q9Y4W6,Q9UQ90,P39925;P40341,ZERO,Q9HGM3,ZERO
KOG0891,7,1,Q9FR53,ZERO,O01510,ZERO,Q8T9I6;X2JDZ8,ZERO,B0UX67;C5J7W8;E7F4J7,ZERO,Q9H3K6;P78527;Q96Q15;P42345;H3BVE0,P78527;P42345,P32600;P35169,ZERO,Q9Y7K2;O14356,ZERO
KOG3187,7,1,Q8GW27;Q8VZB2,ZERO,Q21905,ZERO,Q9VKD2;Q9VJX8,ZERO,B0V199;F1QXP7;Q7SY06,ZERO,Q6Y1H2;Q5VWC8;Q9P035;B0YJ81,B0YJ81,P40857,ZERO,O14346,ZERO
KOG0229,7,1,Q9M1K2;Q8RY89;Q8L850;Q8L796;Q9SLG9;O48709;Q9M149;Q9SUI2;Q56YP2;Q9SFB8;Q9LMN1,ZERO,O01759;Q9BL73,ZERO,Q8SXX1;Q7JNK2,ZERO,B3DJ34;E7F4U5;F1QA92;F1QIQ0;F1QRI7;F1QTD5;F1REU6;F8W503;Q503I3;Q66HW3;Q5XJW9,ZERO,Q5T9C9;P48426;Q8TBX8;O60331;O14986;Q99755,O60331;Q99755,P38994,ZERO,O13853,ZERO
KOG2283,7,2,Q8H106;Q9LT75;Q9FLZ5,ZERO,G5EE01,ZERO,Q9U470;Q9VMY8,ZERO,B8JKC5;E7F355;E7F486;E7F8A0;E7FC31;E7FC59;E7FH66;F1Q5F8;F1Q649;F1QG29;F1R151;Q6TGR5,E7FC59;Q6TGR5,O14976;Q9HBL0;Q68CZ2;Q63HR2;O75061;F6KD01,F6KD01,P53916,ZERO,O94526,ZERO
KOG0446,7,1,Q9ZP55;Q8LF21;Q8S3C9;Q9ZP56;Q8S944;Q8LFT2;P42697;Q84XF3;Q9LQ55;F4HPR5;Q9FNX5;Q84N64;Q9SE83,ZERO,P39055,ZERO,Q8T9L0;E1JJA5,ZERO,B8JKI4;E7FCV6;E9QF63;F1QBG5;F1QF79;F1QL73;F1QXF9;F1R2B4;F1R785;F6NHV1;F8W429;Q5RHR9;Q6DKF0;Q7SXN5;Q800G5,ZERO,P20591;P20592;O00429;P50570;Q05193,P50570,P54861;P32266;P21576,ZERO,Q9URZ5;P87320;Q09748,ZERO
KOG0544,7,1,Q8LGG0,ZERO,Q8I4E5,ZERO,P48375,ZERO,E7F2Q2;F1R3A6;Q6PBJ8;Q6PBJ1,ZERO,P68106;P62942;Q5VVH2;Q00688,P68106;P62942,P20081,ZERO,O42993,ZERO
KOG1943,7,1,Q8L5R3,ZERO,Q19493,ZERO,Q7KN66,ZERO,E7F3D3,ZERO,Q9BTW9,Q9BTW9,P40987,ZERO,Q10197,ZERO
KOG0809,7,1,O65359;Q9SWH4;Q9SUJ1,ZERO,Q9TY08,ZERO,Q9VR90,ZERO,E7F9L7,ZERO,O14662;H3BU86,ZERO,Q08144,ZERO,Q9P6P1,Q9P6P1
KOG0173,7,1,O23710;Q7DLS1,ZERO,O62102,ZERO,O17311;Q86NT6;Q8T915,ZERO,F1Q5N4;Q1LWY1;F1QR78,ZERO,E9KL30;J3QL48;P40306,P40306,P25043,ZERO,Q09841,ZERO
KOG1300,7,1,Q9C5P7;Q9C5X3;Q9SZ77,ZERO,P34815;O44412,ZERO,Q07327,ZERO,F1QM13;F1QXJ4;F1RAE9,ZERO,P61764;Q15833;O00186,P61764;O00186,P30619,ZERO,O94590,ZERO
KOG1097,7,2,Q8LPL7,ZERO,Q8IG39;H2KYI5,ZERO,Q9VHH7;Q7KGG1;Q8ST69;Q9VFS0;Q9VVK5;Q9GRE6;Q9VFS1,ZERO,F1R0X5;F1R9S0;F1RA33;F6NKG5,F1RA33,P00813;Q9NZK5;Q6DHV7,P00813,P53909,ZERO,Q9P6J8;Q9P6I7,ZERO
KOG0047,7,1,P25819;Q96528;Q42547,ZERO,O61235,ZERO,P17336;Q5BHV8,P17336,F1R8E4,ZERO,P04040,ZERO,P15202;P06115,ZERO,P55306,ZERO
KOG2217,7,1,Q9LFE0,ZERO,O01524,ZERO,Q95TU2,ZERO,Q6DG11,ZERO,O43290,O43290,Q12420,ZERO,O94538,ZERO
KOG0396,7,1,Q9M2V9,ZERO,O18188,ZERO,Q8MSB1,ZERO,Q7SXR3,ZERO,Q7L5Y9,Q7L5Y9,P40492,ZERO,Q9URU9,ZERO
KOG1287,6,1,Q9C6S4;Q9LHN7;Q9C6S5;Q9LH39;Q9FFL1,ZERO,Q19834;Q9NA91;Q22397;Q94197;Q19151;O44832,ZERO,Q9V9Y0;Q9Y1A7;Q9VB75;Q9VKC2;Q9VY26,ZERO,F8W255;F1QSV1;F1R8V8;E7F8H5;B0S549;F1QYD9;E7EXU6;F1QGC4;G8JL19;E7FE11;F1QGJ2,ZERO,A0A024R719;Q9UHI5;Q8TCU3;Q9UPY5;Q9NS82;P82251;Q9UM01;Q01650,Q9UPY5,P50276;P38734,ZERO,NONE,NONE
KOG0048,6,1,Q9SA47;Q9SRB0;Q9CA52;Q9SM27;Q9FJA2;Q9SBF3;Q9LQX5;Q9C695;Q9SPG6;Q9SZC2;Q38850;Q9LK95;Q9FX36;Q9T0G9;Q9LDE1;Q9LNC9;Q9SG63;Q9S9Z2;Q9C9G7;Q94CJ3;Q9M9U2;O22264;Q94GA6;Q9SEZ4;Q9LHS6;Q42575;Q9M0K4;Q6R0A6;Q9FY60;Q6R0C4;Q9LXF1;O49782;Q8H1P9;Q9LRU5;Q9FLR1;Q9XHV0;O22179;Q9SSA1;Q9LMD1;Q9S7G7;O04192;Q6R032;Q9SPG0;Q9FJ07;Q9SJX8;Q9SPG1;O80883;Q9M2D9;Q9T066;Q9LTJ5;Q9FNV9;Q9LK14;Q9SPG2;Q9S7L2;Q9LDR8;Q9LXV2;Q9LZK4;Q8GWP0;Q9SN78;Q9LVW4;Q9ZTC3;Q1PDP9;Q9SLH1;Q9SJL7;Q9FJP2;Q96276;Q6R053;Q42379;Q94FL7;Q9SNW9;Q94FL9;Q9SDS8;Q9C9A5;Q4JL84;Q9SMT1;Q9SPG5;Q8GYP5;Q9SPG4;Q9FDW1;Q9SCP1;Q9M2Y9;Q9LTV4;Q9LTW2;Q9SEI0;Q9LE63;Q9FRI3;Q9LDI5;Q8VZQ2;Q9M213;Q9LDW5;Q9SCU7;Q9FNV8;Q9C6U1;Q9MBG3;Q9LSI7;Q9LTC4;Q9LTF7;O64399;Q9SPG7;Q9FE25;Q9SN12;O49608;Q94FL6;Q9SZP1;Q39028;Q9LY95;Q9SPG3;Q9SGU3;Q9S773;Q38851;Q9SPG9;Q9M0J5;Q9SPH0;Q9LV31;Q9SPN3;Q9FG68;Q9S754;Q9FKL2;Q9M0Y5;Q9ZPU2;F4IRB5;P27900;O49538;Q9LX82;Q9S9K9;Q9LFE1;F4KIN4;Q8LPH6;Q9ZSI4;O23160;Q9FIM4;Q9C7U7;O80931;Q9FR97;Q9ZTC6;Q9C9C8,ZERO,P91868,ZERO,P04197;Q9VHX0,ZERO,F1R7G5;F1QGY5;F1QEY9;E7FFJ6;F1QP24;E9QFU4,ZERO,A0A024R8F4;P10242;P10243;P10244,P10242,P22035,ZERO,NONE,NONE
KOG3017,6,1,Q6ID87;Q9SL82;Q9ZPG2;Q9XH05;Q9SL83;Q9SV22;Q9FKL1;Q1G401;Q39187;Q9M0C8;P33154;Q39186;Q9LJM5;Q9SF44;Q9SW04;Q9LPM6;Q9FJY1;O81889;O81888;Q9LPM7;Q9ZNS4;Q9SW05;Q9LZ12,ZERO,O61870;O76663;Q9N5N3;Q9XWX3;D3KFV3;O45790;Q9N3I3;Q9N5N4;Q93193;O16575;Q22421;O62507;O62508;G5EF50;Q18543;Q93192;Q95X90;B6EU60;Q19348;Q9XXP4;Q9TZ02;Q93444;Q17930;Q18539;Q18538;Q18540;Q22930;Q7YX44;Q93746;Q20609;Q93747;Q20608;Q966G4,ZERO,Q8IND6;Q9VFY2;A8DYC3;Q4V3Y4;Q8MRS1;Q9VGQ4;Q9W2H3;E1JI09;E1JJ70;A1Z959;A0A0B4KFH2;Q8T3W8;Q9W2H4;Q9VY18;A0A0B4JCT2;Q8IRL3;Q9VT82;Q9VIN6;A8WHB7;Q9VY19;Q86BQ2;A0A0B4LGE9;Q2PDZ4;Q7KU14;Q9W129;Q9VQA7;Q9VT84;M9MS11;M9MRN8;Q8INR8;Q9VI35,ZERO,H9GXN4;Q6PHC5;F1QAW7;E7F9U0;A2CF32;F1QW68;Q5XJ73;E7F689;E7FB91;F1QHW4;E7EZY0;Q7T141,ZERO,A0A024RD74;Q9H3Y0;Q9H4G4;Q6UWM5;Q6UXB8;P48060;P54108;Q4G1C9;O43692;Q9H336;Q9H0B8;P54107,A0A024RD74,P36110;P47033;P47032,ZERO,NONE,NONE
KOG0773,6,1,Q9FPQ8;P46640;Q9FWS9;Q84JS6;O65685;Q9FXG8;P46639;Q9SW80;P48002;P48000;Q1PFD1;P48001;Q9SJ56;Q9SIW1;Q8S897;Q9SJJ3;Q38897;Q38874;Q94KL5;P48731;Q9LZM8,ZERO,Q93348;Q45EK2;Q0G825,ZERO,E1JHZ0;O46339;P54269;O01667;Q7K380;Q7JR08;Q9VPL4,ZERO,F1QA86;Q8AYN1;Q7SZP3;E7EZR8;Q6DEL0;E7FA93;A9UGK1;Q5I8Y1;Q90VY7;B0UXG1;Q9DDE0;Q1LWG1;E7FBG0;H9GY05;B3DKL9;Q90YX8;Q503Z8;Q803F0;Q90Z68;Q90ZE3;Q1LXU5;Q6NZU4;B3DH47;F1Q7T5,ZERO,A0A0A6YYL0;O00470;O14770;P78411;P78412;P78413;P78414;P78415;Q15583;Q8IUE0;Q8IUE1;Q8IYA7;Q96I87;Q96KN3;Q99687;Q9BZI1;Q9GZN2,Q96I87,P0CY08;P41817;P53147;P0CY13;P0CY09,ZERO,NONE,NONE
KOG1998,6,1,Q9STN2,ZERO,G5EEN3,ZERO,A0A0B4K7Q6;A0A0B4KHD2,ZERO,F1QP04;E9QJL8;F1QDP8;F1QS58;B8JID6;E7F9Q7;F1QWR3;E7FBN8,ZERO,Q14185;Q9H7D0;Q92608;Q8IZD9;Q8N1I0,Q92608,Q06409,ZERO,NONE,NONE
KOG2329,6,1,Q94IB9,ZERO,O45145,ZERO,M9PDG7,ZERO,B0S7E5;E7FCF4;E9QEA6,ZERO,Q8TDN7;Q5QJU3;Q9NUN7,Q5QJU3,P38298;Q02896,ZERO,NONE,NONE
KOG0161,5,1,NONE,NONE,O62244;P12845;Q21000;P12844;Q20641;G5EBY3;Q17383;Q9XWR0,ZERO,E1JHJ5;A4V1N8;A0A0B4JD57,ZERO,E9QBS6;E9QBA6;F8W3L6;F1QAQ4;E7F632;E9QF07;F1Q9G9;E7F5Z1;F1QYX4;B3DFS9;B8A561;E7FAD0;E7EY02;B6IDE1;F1QKS0;F1Q5K4;F1QIR4;B8A569;E7FD18;F1QVX3;E7F800;F1R6C7;E7FCI5;F1QT88;E9QGP5;E7EYA7;B8JLS3;F1QJK4;B6IDE0;E9QHL6;Q6IQX1;F1QXH0;E7FE29;F1R3G4;E7FAW6;E7FGF6;F1QL01;F1Q4R7;F1QZW1;E7F522;F8W5N1;H9GY99;F1R2X0;E7F894;E9QGC3;E7EYL7,ZERO,A0A024R1N1;A0A075B6F5;A0A0C4DFM8;A7E2Y1;P35749;P35580;P12883;P13535;P13533;Q9Y623;Q9UKX2;P12882;Q9UKX3;Q9Y2K3;Q9ULV0;Q9Y4I1;Q92614;Q9NQX4,A0A024R1N1;P35580,P19524;P08964;P32492,ZERO,NONE,NONE
KOG0164,5,1,NONE,NONE,G5ECZ0;Q19901,ZERO,Q23979;Q8T6L7;M9MRS7,ZERO,A0A0H2UKD8;E7F5R7;E7F9L8;E7FDV0;E7FGI1;F1Q5Y1;F1QJK0;F1QKT3;F1R360;F1R617,ZERO,B0I1T2;O94832;Q9UBC5;Q4KMR3;O00160;O00159;B0I1S9;Q8N1T3,B0I1T2;O00160,Q04439;P36006,ZERO,NONE,NONE
KOG3756,6,1,Q9C5G2,ZERO,Q95ZQ5,ZERO,Q9VH84,ZERO,F1QT45,ZERO,Q9H307,Q9H307,NONE,NONE,Q10492,ZERO
KOG3037,6,1,O48726,O48726,Q8MNU2,ZERO,A0A0B4LFA6;Q9W4E6,ZERO,NONE,NONE,Q16186,ZERO,O13563,ZERO,Q9Y7Y6;Q9USM1,ZERO
KOG0201,6,1,Q9MAI7;Q9LDN6,ZERO,H2L099;Q11112;Q9NB31;Q304D8,ZERO,NONE,NONE,Q7ZVG8;B1WB98;Q7ZUQ3;F1RAW1;F1R8K2;E7F6V7;E7F4L2,ZERO,A0A024R4B2;P41279;Q13043;Q13188;Q9P289;Q9Y6E0,P41279,P38692;P08458,ZERO,O14305;O75011;O14047,ZERO
KOG1616,6,1,Q9ZUU8;Q84VQ1;Q94AX2;Q9SCY5;Q944A6,ZERO,Q9NAH7,ZERO,NONE,NONE,Q6NY31;E7F9H4;Q6DHM2,ZERO,A0A024RBN1;O43741,ZERO,Q04739;P32578;P34164;P38845,Q04739,P78789,ZERO
KOG2387,6,1,F4I6G9;Q8L6Z9;Q0WRY1;Q9LTW8;O64753,ZERO,G5EC98,ZERO,NONE,NONE,A3QJW5,ZERO,A0A024RC00;P17812,P17812,P38627;P0C5K9,ZERO,O42644,ZERO
KOG1386,6,1,O80612;Q6NQA8;F4JSH1;Q8H1D8;Q9XI62,ZERO,Q21815,ZERO,NONE,NONE,E7FG27;F1QCU4;F1QSE5;F1RDI7;Q6DH30;Q6ZM69,ZERO,O75355;Q9Y227;P49961;Q5MY95;Q9NQZ7;Q9Y5L3,P49961,P40009,ZERO,Q9USP2,ZERO
KOG0315,6,1,Q9LV27;Q9SI01,ZERO,P91040,ZERO,NONE,NONE,Q803V5,ZERO,Q9BVC4,Q9BVC4,P41318,ZERO,O74184,ZERO
KOG4562,6,1,Q8GUN4,ZERO,NONE,NONE,Q9ND98,ZERO,Q7T0K5,ZERO,A0A024R9Y7;A0A024RC12;A0A024RC17;A2A368;A8MXT2;H0YDD5;O15479;O15480;O15481;O60732;P43355;P43357;P43360;P43361;P43362;P43363;P43364;P43366;Q12816;Q6FHH8;Q9H213;Q9HCI5;Q8TD91;Q8TD90;Q96MG7;X5D982;Q9UBF1;Q96LZ2;Q96M61;Q8N7X4;Q9HAY2;Q9Y5V3;Q96JG8,Q12816,Q05541,ZERO,Q9Y7U4,ZERO
KOG1350,6,1,P19366;P83483;Q9C5A9;P83484,ZERO,NONE,NONE,Q8T4C4;L0MQ04,ZERO,A8WGC6,ZERO,V9HW31,V9HW31,P00830,ZERO,P22068,ZERO
KOG0625,6,1,O49299;Q9SGC1;Q9SCY0,ZERO,NONE,NONE,Q9VUY9,ZERO,B0R0B3;F1QF00,ZERO,Q15124;P36871,Q15124,P37012;P33401,ZERO,O74374,ZERO
KOG1059,6,1,Q9C744,ZERO,NONE,NONE,M9PHJ5,ZERO,B7ZUU8,ZERO,O14617,O14617,Q08951,ZERO,Q9UTL8,ZERO
KOG2738,6,1,Q9FV52;Q9FV50;Q9SLN5;Q9FV51,ZERO,NONE,NONE,Q9VC48;Q8SZG2,ZERO,B8A5K0;B8JIB1,ZERO,P53582;Q6UB28,P53582,Q01662,ZERO,O59730,ZERO
KOG4593,6,1,Q9LTY1,ZERO,NONE,NONE,Q95S25,ZERO,D9IWE2,ZERO,Q9Y6D9,Q9Y6D9,P40957,ZERO,P87169,ZERO
KOG0286,6,1,P49177,ZERO,NONE,NONE,P26308,P26308,E7F0T7;Q6PH57;Q5BJ11;Q6DH55;Q5U3U8,ZERO,F1T0G5;Q9HAV0;Q6FHM2,ZERO,P18851,ZERO,Q10282,ZERO
KOG3434,6,2,Q9FE58;Q9M9W1;Q9SRX7,ZERO,NONE,NONE,P50887;Q9W1T1,ZERO,F1QG80,F1QG80,P35268;Q6P5R6,P35268,P05749;P56628,ZERO,Q09668,ZERO
KOG2090,6,0,F4KDA5,ZERO,NONE,NONE,Q8T8Q1,ZERO,F1QIA6;F1R6P4,ZERO,Q99797,ZERO,P35999,ZERO,Q10415,ZERO
KOG0806,6,1,Q8RUF8;Q8VYF5,ZERO,NONE,NONE,Q9NFP1;Q9VHE4;Q9W430;Q8IRR1;P83548,ZERO,F1QRE2;F1R818,ZERO,P43251;V9HW91;F5GYM6;O95498;O95497,O95497,P49954;P40354,ZERO,Q10166;O59829;O60178,ZERO
KOG3871,6,1,Q8RWS4,ZERO,NONE,NONE,P51406,ZERO,F1R7L3,ZERO,Q13895,Q13895,P38333,ZERO,O60071,ZERO
KOG2826,6,1,F4IVU1;Q8LGI3,ZERO,NONE,NONE,X2JAI2,ZERO,Q6P2T5,ZERO,Q53R19,Q53R19,P53731,ZERO,O14241,ZERO
KOG1735,6,1,O49606;Q9ZSK3;Q39250;Q9ZSK4;Q39251;Q9LQ81;Q570Y6;Q67ZM4;Q8LFH6;Q9ZSK2;Q9ZNT3;Q9LZT3,ZERO,NONE,NONE,P45594;Q9VWR1,ZERO,Q6NZW3;Q6TH32;Q7ZWD8,Q6TH32,V9HWI5;V9HWA6;Q549N0,ZERO,Q03048,ZERO,P78929,ZERO
KOG0096,6,1,P41916;P41917;Q9FLQ3;Q8H156,ZERO,NONE,NONE,Q9VZ23;Q9VUN3,Q9VZ23,P79735,ZERO,P62826,ZERO,P32835;P32836,ZERO,P28748,ZERO
KOG1704,6,2,NONE,NONE,G5EF39;H2KYA1,ZERO,A1Z6W3;A0A0B4KED7,ZERO,B8JMK6;F1Q6J9;F2Z4V3;F6NN15;E7FA77;F1REQ6;A5WUZ4;F1Q568;F1QI22;F1QNJ3;B0UYM8;F1QRL5,F6NN15;B0UYM8,A0A024QYW5;A0A024R0W7;A0A024R368;A0A0A0MRT7;A0A0A0MTE2;O15231;Q5TD97;Q13643;Q2TBC4,A0A0A0MTE2,Q06407;P39083,ZERO,O74360;O14014,ZERO
KOG0395,6,2,NONE,NONE,A4UZ34;Q18246;Q9TZE3;Q18957;O17599;P22981;O02139;A7YKU9;A4UZ35;O01312;B5BM29;P34443;P90840;G5EBK8;H2L0Q6,ZERO,A0A0B4LGJ4;Q9VH66;P08646;Q9VM20;Q9VND8;Q9VRY2;Q2PE29;P08645;A1Z6R7;Q8MT34;Q9W5G7;Q9VNB7;P04388;A0A0B4LFV4;D0IQG6;Q9VS10;Q962I2,P08645,Q4V9D8;Q7T393;Q6PHV8;F1R7U7;Q7SY56;E7F5A7;B3DJU3;Q568M0;Q5U3A3;F1RBX6;Q6IQP4;F1R339;Q7T383;F1RAB1;Q503D0;F1R684;Q6DC92;Q7SZ59;F1QSQ6;E7F4E0;Z4YIG5;A1DZY4;Q6P0U3;E7F144;Q5RHY9;B0R088;Q6AZA4;Q5XWT8;E7F686;F1R999;Q7SY59;Q1LV74;Q2LIW9;Q0P4E7;Q6DGD1;Q503B6;Q7ZVA2;Q7ZUL8;E7FBI4;F1QWY4;A2CE86;B0R168;Q08CD8;B8JIV0,ZERO,A0A024QZF2;A0A024R1C8;A0A024R5Y3;A0A024R6X0;A0A024R9F5;A0A024RAG3;A0A024RAT4;A0A024RB87;A0A090N900;A8KAH9;L7RSL8;O75628;O95057;O95661;P10114;P11233;P61225;P62070;Q9BU20;Q9Y3L5;Q6T310;Q9BPW5;Q8IYK8;Q92963;Q9H628;Q96HU8;Q96D21;Q8TAI7;Q6FGP0;Q7Z444;Q9Y272;X5D945;Q5U091;Q99578,P61225,P01120;P13856;P25378;P01119,ZERO,O94363;P08647,ZERO
KOG0578,6,2,NONE,NONE,G5EGQ3;G5EFU0,ZERO,Q9VXE5;Q9VEV1,Q9VXE5,F1QCY7;E7FE80;F1Q7T1;E7F3S0;F1QZR2;A5PEY8;Q6DG42;E7F3I9,ZERO,A0A024R0J1;A0A024R9Q4;O75914;Q13153;Q13177;Q9P286,O75914;Q13153;Q13177,P48562;Q12469;Q03497,ZERO,Q10056;P50527;Q10447,ZERO
KOG0303,6,1,NONE,NONE,Q21624,ZERO,A0A0B4KEJ7,ZERO,F1QR96;F8W415;F1QDY7;Q7SX58;E7F977;F1R3S3;B0R0D7;F1Q728;E7FGQ1,ZERO,A0A024R150;A0A024R5K1;A0A024R611;A0A024RBI5;Q6QEF8;Q9UQ03,A0A024R611,Q06440,ZERO,O13923,ZERO
KOG0694,6,1,NONE,NONE,P34722;G4S4W1;O44588;O44590;O45720;G5EGE3;P90980;Q8MYQ1,ZERO,M9NFD4;A0A0B4LFX2;P13678;P05130,ZERO,Q7ZUC5;E7F4L5;E7FES4;F1QJU6;E7F368;F1R506;F1QXD6;F1R444;F6NV75;I3ITI6;E7F7I3;Q5TZD4;B1H1I7;F1Q8P4;B8A467;Q7SY24;H9GXZ3,ZERO,A0A024R328;A0A024R8D6;E9PMD0;H0YJX3;L7N484;L7RSM7;L7RTI5;P05129;P05771;P24723;Q04759;Q16512;Q16513,A0A024R328;L7RTI5;Q04759;Q16513,P24583,ZERO,P36583;P36582,ZERO
KOG0586,6,1,NONE,NONE,Q21138;Q21017;Q9U1Z0;O45370;Q9TW45;Q95ZQ4,ZERO,Q5U118;E1JGN0;Q9W532;Q3YNC4;Q9VGQ0;A0A0B4LFW1,ZERO,E7F378;A5WUM0;E7FFX4;F1Q5N2;E7FA16;F6P5S7;B0S6K0;E9QEM6;E7FCH9;E7FBX4;A5PN50;F1QJ74;E7F9B6;E7F9C4;E7F0G7,ZERO,A0A024R3G7;A0A0A0MT23;P57059;Q13131;Q9P0L2;Q96L34;Q7KZI7;P54646,ZERO,P13186;P13185;P28708;P06782,P06782,O74536;P22987;O74815,ZERO
KOG0015,6,1,NONE,NONE,Q18955,ZERO,A0A0B4LGL8,ZERO,A8HAM3;F1R066,ZERO,A0A024RD16,A0A024RD16,P07249;P11746,ZERO,P78926,ZERO
KOG2046,6,1,NONE,NONE,O01542;O44727,ZERO,Q9I7J0;P14318;Q9VZI1,P14318,A2BEV4;B8A668;E9QDI7;Q0P4B4;Q7T303;Q32PU2;Q6P697;Q803W9;Q4F876,ZERO,Q15417;Q9UI15;V9HWA5;Q99439;P37802;Q5U0D2,ZERO,Q08873,ZERO,O14185,ZERO
KOG1014,6,1,NONE,NONE,Q11177;O17795;O16925;Q17703;C1P622;Q17704;Q10130,ZERO,Q9W3N1;Q9VJG8;Q8INZ8;Q8SX47;Q86BQ3,ZERO,A2BFP6;A5WWC6;Q6QA33;Q6P3L6,ZERO,Q6FH62;Q3SXM5;Q53GQ0,Q53GQ0,P38286,ZERO,Q10245,ZERO
KOG0860,6,1,NONE,NONE,O02495;G5EBK2;P34351;Q95XH1;Q95QZ1;Q94057,ZERO,M9PE71;H1UUB1,ZERO,A2BG37;F1QFH1;Q7SZZ5;Q6IQK3;Q6PBJ3;Q7ZUC1,ZERO,Q9BV40;Q6FGG2;P63027;Q6IAZ3;Q6FG93;L7N2F9;P23763,Q6FGG2,P31109;P33328,ZERO,Q92356,ZERO
KOG3417,6,1,NONE,NONE,Q9N5D3,ZERO,P26675,ZERO,A2RRV5;E7F5D4;E7FBN7;E7FFG4;F1QZX0;F1R019,ZERO,Q7LDG7;Q0VAM2;Q07889;Q07890,Q07889;Q07890,P25300;P04821;P07866;P25593,ZERO,Q9USU1;P26674,ZERO
KOG0071,6,1,NONE,NONE,Q9U2S4,ZERO,P40946,ZERO,A5PMK4;F1RDR4,ZERO,Q9NXU5;P62330,P62330,P40994,ZERO,Q9Y7Z2,ZERO
KOG3886,6,1,NONE,NONE,C6KRG7;Q20940,ZERO,Q9VHJ4,ZERO,F1Q8T7,ZERO,Q7L523;D4HNR6;Q5VZM2,D4HNR6,Q00582,ZERO,O74824,ZERO
KOG3739,6,1,NONE,NONE,Q9NA80,ZERO,Q9V719,ZERO,E7EZP2,ZERO,Q9BPZ7,Q9BPZ7,Q08236,ZERO,Q9P7Y9,ZERO
KOG3337,6,1,NONE,NONE,Q17476,ZERO,Q9V579,ZERO,F1QTZ3;Q7T388,ZERO,Q9Y255,Q9Y255,Q05776,ZERO,Q9UT07,ZERO
KOG3694,5,1,NONE,NONE,NONE,NONE,Q9VWJ6,ZERO,B0S7K0;E7F0Y5;F1QVY9,ZERO,Q6R327,Q6R327,P40061,ZERO,Q09743,ZERO
KOG2392,5,1,Q9SYD5;Q9SH52;F4HX47;O48706;Q9SIR9;Q4PSX8;Q9C8T2;Q9S7T8;Q9ZQR6;O82283;Q4PSX9;O04582;Q9M1T7,ZERO,Q19651;Q18287;G5EFH4;G5EE40;G5ECY2;O01564;Q9XUS1;O62309;O16959;A9Z1L1,ZERO,Q8MSJ4;A1Z6R4;Q9VA48;Q9VII7;A0A0B4KF64;Q9VLU4;Q9VLV3;Q8T0M5;Q3HKQ3;Q6V6U6;Q8SYY7;Q7YTY6;Q9VFC1;Q9U1I4;Q7KA66;Q9VL44;Q9VLZ8;A0A0B4K6Q4;Q9VWB4;Q9VPH9;Q7K508;Q9V3N1;Q4V3G2;Q9VVW1;Q0E8V6;Q7JV69;Q9VH46,ZERO,F1QRB8;F1R7D6;Q6DG30;F8W412;F8W5D3;Q8JH29;F8W5C3;E7EXC4;B3DJI9;B0UYL8;F1QV84;F1RBV7;E7F3Z2;F1R9A9;F1QEV1;F1RAP6;F1Q853;Q66I20;F8W3S9;Q5RIH8;H9GXC3;F8W298;B0V3R7;F1R7F7;Q7ZVL5;F1QHG3;F1QQ30;Q5RIK7;Q8AYE3;A8WFU6,ZERO,A0A024QYT5;A0A024QZT4;A0A024QZX3;A0A024R2B1;A0A024R2B6;A0A024R5K8;A0A024R6I6;A0A024R6I9;A0A024R6N9;A0A024R6P0;A0A024R944;A8MTL9;A8MV23;B0ZBE2;E9KL23;E9KL26;P48595;P05543;Q99574;P48594;P29508;Q8IW75;P08697;P05120;Q96P63;P07093;Q86WD7;O75830;O75635;P36955;Q9UIV8;P05546;V9HWH1;P08185;Q86U17,B0ZBE2;Q99574;P08697;P07093,NONE,NONE,NONE,NONE
KOG0799,5,1,Q9FLD7;Q9LR71;Q9C9A1;Q8S8P3;Q6DBE8;Q9SS69;Q9SZS3;Q9LFQ0;Q9LIQ3;Q9ZQZ7;Q9LE60,ZERO,Q9U3H9;Q965Q8;O16776;G5EDP7;G5ECK8;O45866;Q9XXL2;Q19730;Q22481;Q20081;G5EBQ5;O02315;Q93643;G5EF41;O02312;O02309,ZERO,Q7KVA1,ZERO,E7FGA6;E7F216;H9GYZ7;F1RAK7;G1K2V0;F1QJU4;F1R0Z0;Q71SG7,ZERO,A0A024R5T9;Q02742;Q6ZNI0;Q86Y38;Q8NFS9;Q9H1B5;Q9P109,Q02742;Q8NFS9,NONE,NONE,NONE,NONE
KOG2736,5,1,Q9SIK7;Q0V7S4,ZERO,P52166;Q01608;O02100,ZERO,B7Z090,ZERO,F1Q8Y6;Q90ZE4,ZERO,A0A024R6A3;P49810,A0A024R6A3;P49810,NONE,NONE,NONE,NONE
KOG1565,5,1,Q9ZUJ5;O23507;Q5XF51;O04529;Q8GWW6,ZERO,G5EBU3;Q23227;G5ECC4;G5EGM1;O17913;O44836,ZERO,Q9GTK3;Q5BIL2,ZERO,F1QWE5;E7FFU0;F1R4H1;E7FFQ4;E7FF88;E9QIX9;E7FGL6;E7F3C3;Q6PHG2;E7F2I8;F1R0R0;F1QFZ8;E7F875;E7F1N5;F1R3P5;E7F9I3;F1QBU4;E7FBB0;E7F6G8;H9GYR2;B0R0I1;F1R8N4;Q6DG10;E7F6P2;E7FCZ5;B8JMI5;I3IT28;F1RA45;F1QAB4;E7FC41;F1Q899;F1QC76;E7F0Y6;F1RBI6,ZERO,A0A024R6R4;A0A024R6U8;D9ZGG2;H0YJW9;O60882;O75900;P02790;P03956;P08254;P09237;P09238;P14780;P22894;P24347;P39900;P45452;P50281;P51512;Q075Z2;Q8N119;Q92954;Q96BH3;Q99542;Q9H306;Q9NPA2;Q9NRE1;Q9ULZ9;Q9Y5R2,D9ZGG2;P50281;Q9Y5R2,NONE,NONE,NONE,NONE
KOG2287,5,1,Q8L7F9;Q8GXG6;Q9FKM1;Q9LV16;F4JIK9;Q8RX55;Q9ASW1,ZERO,O02310;O62165;Q95US5;G5EDB3;Q9XU74;O62115;O62114;G5ECA6;H2L0F4;Q17419;C3JXF0;O02231;O62163;Q20575;O62375;O45510;O17750,ZERO,A1Z8R4;A1Z8R6;Q24157;Q9VZA6;Q9VLS8;Q9VLT0;X2JD78,Q24157,Q6DHV1;A2BIK3;E7FGS9;E7FEV2;F1QPS4;E9QF32;B3DK15;F1QMA2;E7F0S3;A8KB44;F2Z4T8;Q8UWM3;E7FC67;F1QA37;E7EXJ2;B3DK04;F1RED3;Q8UWM1;B8JLQ4;B0UXE0;A5WVT9;F1QID6;B0UXE8;Q7T3S5;F1QBK1;H9GYZ6;F1RB65;F1RAA3,ZERO,A0A024RBT1;O43825;O75752;Q5STJ7;Q9Y2C3;Q8NCR0;Q8NFL0;Q9Y2A9;Q9NY97;Q7Z7M8;Q9BYG0;Q6UX72,ZERO,NONE,NONE,NONE,NONE
KOG0819,5,2,Q9LX08;Q9C9X3;Q9SYT0;Q9SE45;Q9XEE2;Q9LX07;Q94CK4;Q9ZVJ6,ZERO,Q27473;P91144;Q27512,ZERO,P22465;A0A0B4KH34;Q9VXG4,Q9VXG4,Q5U369;F1Q9R1;A8E5G1;Q6P0V8;Q804G7;B8JLZ3;Q6P603;A2BHN0;F1R6N3;F1QUZ1;B8A4V2;Q804H2;F1QKN3;A8E7L0;F1REH8;Q5XJM0;Q804H0,ZERO,A0A075B752;O76027;P07355;P08133;P12429;P13928;P20073;P27216;P50995;Q5TZZ9;V9HWE0;Q6LES2;Q9UJ72,O76027;Q5TZZ9,NONE,NONE,NONE,NONE
KOG1225,3,2,Q67ZD0,Q67ZD0,Q22913;O16265;Q564Y0;P34293,ZERO,NONE,NONE,NONE,NONE,Q9NT68,Q9NT68,NONE,NONE,NONE,NONE
KOG3734,5,1,Q9M217,ZERO,Q86D20;Q22323;O44899;Q8IG34;Q9XVN0;Q18784,ZERO,Q9VCE9,ZERO,A0A0B4J1A8;A2BFG9,ZERO,Q8TF42,Q8TF42,NONE,NONE,NONE,NONE
KOG4280,5,1,Q27IK6;Q27IK7;Q9LDN0;Q8L7Y8;Q9LJY3;Q9LXV6,ZERO,P46873;Q21441,ZERO,A0A0B4LFQ8;Q9V4A1;X2J924,ZERO,F1QYE9;F1QCX2;E7EYN1;E7FFQ3;F1QV34;E7F4J1;E7FCT0;F1QP72;F1QWH7;E7FDX9,ZERO,B1ALC3;Q2KJY2;Q9NS87;Q9P2E2;Q9Y496;Q9HAQ2;Q9ULI4;Q6ZMV9,Q2KJY2,NONE,NONE,NONE,NONE
KOG0443,5,1,O65570;O81645;Q2V445;Q9LVC6;O81644,ZERO,Q21253,ZERO,Q07171;Q23989,ZERO,A0JMJ1;A5PMZ3;E7FC92;F1QQQ5;F1QUM3;F1QVU3;F1R3V3;F1R431;Q1LYK7;Q1RLT7,ZERO,V9HW69;P06396;O15195;P09327;Q9Y6U3;O75366,P06396,NONE,NONE,NONE,NONE
KOG1922,5,1,Q9SRR2;P0C5K2;Q9FF14;Q94B77;Q9FJX6;Q8GX37;Q9C7S1;Q9FF13;P0C5K4;O48682;Q9XIE0,ZERO,Q9TYU9;Q19479,ZERO,A8JNM1;Q8IQ12,ZERO,F1Q4W4;E7EZI8;E7F6Y9;E7FFC7;H9GYP4;F1QXX2;E7F7A1;H9GX54;T1ECU9;F1QFV5;F8W5Y4;E7F517;E7F8J6;E7FGI9;F1QEC2;Q5RHJ3,ZERO,A4D2P6;Q27J81;Q68DA7;Q86T65;Q9C0D6,Q68DA7,NONE,NONE,NONE,NONE
KOG1917,5,2,Q5S2C4,ZERO,P55163,ZERO,P55162,P55162,B0S6R1;F1Q6L5,ZERO,Q9Y2A7;P55160,P55160,NONE,NONE,NONE,NONE
KOG2619,5,1,Q9LJK1;Q9FX97;Q9C8W3,ZERO,G5EEE1;G5EEL7;Q4TTB2;G5EE06,ZERO,Q9W0F6;P83088;Q9VLC1;I0DHK8,ZERO,B3DGK8;E7F310;F1Q6N8;F1Q797;F1Q798;F1QDQ8;F1QGW8;F1QIK0;F1QKT0;F1QKT5;F1QMG7;F1QUX4;F1R5F5;F1R985;F1R9H0;F1RE39;F6NWZ6;Q2VU44;Q32WF4,ZERO,P22083;Q11128;Q6P4F1;Q495W5;Q9Y231;P21217;Q11130;P51993,Q11130,NONE,NONE,NONE,NONE
KOG0384,5,1,Q9M658;F4IV99,ZERO,O61845,ZERO,B7Z002,ZERO,F1QGL1;F1Q4W0;E7F7R2;F1QW70;E7F7W5,ZERO,Q9P2D1;Q3L8U1;Q86WR6,Q9P2D1,NONE,NONE,NONE,NONE
KOG2657,5,1,Q8GUM5,ZERO,Q23316,ZERO,E1JIV8,ZERO,E7F0S7;F1REK9,ZERO,Q92542,Q92542,NONE,NONE,NONE,NONE
KOG2956,5,1,Q8RWY6,ZERO,Q18249;Q03609,ZERO,Q9NBD7,ZERO,F1R253;E7EYD3;F1QJS2,ZERO,E7EW49;Q7Z460,Q7Z460,NONE,NONE,NONE,NONE
KOG1997,5,1,Q8SAB7,ZERO,G5EBE8;Q20487,ZERO,M9PCG3;Q9VPI9,ZERO,E7F0I2;E7FCZ1;F1Q4T0;F1Q8Z1;F1QAR5;F1QAS2;F1QJ79,ZERO,Q9BZ29;Q96HP0;Q96N67;Q96BY6;Q5JSL3;Q8NF50,Q8NF50,NONE,NONE,NONE,NONE
KOG4271,5,2,F4JQZ3;Q9FMP8;Q8RWQ4,F4JQZ3,O45611,ZERO,Q8SX62,ZERO,E7F8G5;F1R0X6;F1R372,ZERO,Q13017;Q9NRY4,Q13017,NONE,NONE,NONE,NONE
KOG2289,5,1,Q9LYP1;F4JBM4;Q9SSR0;O82756;F4ICF4;Q9FFX0;Q9CAN1;Q8VZ48;Q0WQX7;F4I8K2,ZERO,P34356;Q19821,ZERO,P20350;Q9W0F8;X2J9K6;Q9BML4;Q9VYW6,P20350,E7FCU6;F1QAX9;Q2A943,ZERO,O75783;P58872;Q9NX52,ZERO,NONE,NONE,NONE,NONE
KOG2607,5,1,Q9FG23,ZERO,Q9U2Y2,ZERO,Q95SK3,ZERO,F1Q5I0,F1Q5I0,Q96JB5,ZERO,NONE,NONE,NONE,NONE
KOG1109,5,1,F4I8Q7;Q5XF36,ZERO,Q9XWU8,ZERO,Q7KVQ7;Q8MR82;Q9VTM9,ZERO,F1Q6C7,ZERO,Q96GC9,Q96GC9,NONE,NONE,NONE,NONE
KOG2109,5,1,Q8H1Q5;Q9FH32;Q8GUL1,ZERO,Q8MQ22,ZERO,M9NED8,ZERO,F8W5A6,ZERO,Q9H6U6,Q9H6U6,NONE,NONE,NONE,NONE
KOG1306,5,1,O22252,ZERO,G5ECW0,ZERO,A0A0B4K790,ZERO,F1QA32;B8JHS8;F1QN77;B2CZC4;Q32SG8;A4UQV6;Q32SG7;D7PS91;B6IDE7;H9GYC8,B6IDE7,Q9UPR5;P57103;P32418,ZERO,NONE,NONE,NONE,NONE
KOG1878,5,1,Q9FT57,ZERO,NONE,NONE,M9PGZ8,ZERO,E7FF48;F1QWG8,ZERO,A0A024RD47;C9JFD3,A0A024RD47,NONE,NONE,Q10369,ZERO
KOG2620,5,1,Q93VP9;Q9SRH6;Q9FHM7;Q9FM19;Q9CAR7;Q9LVW0;Q8L9A7,ZERO,NONE,NONE,Q9W1F7,ZERO,F1QVJ7,ZERO,Q9UJZ1,Q9UJZ1,NONE,NONE,O60121,ZERO
KOG0928,5,1,Q42510;F4K2K3;Q9FLY5,Q42510,NONE,NONE,A0A0B4K7N0,ZERO,NONE,NONE,Q92538,ZERO,P39993;P47102,ZERO,Q9P7R8,ZERO
KOG2754,5,1,Q944K2,ZERO,NONE,NONE,Q24319,ZERO,NONE,NONE,P39656,P39656,P33767,ZERO,O59866,ZERO
KOG1035,5,1,Q9LX30,ZERO,NONE,NONE,Q9V9X8,ZERO,NONE,NONE,Q9P2K8,Q9P2K8,P15442,ZERO,Q9HGN1,ZERO
KOG0830,5,2,Q08682;Q8H173;Q9M8L5,ZERO,NONE,NONE,NONE,NONE,Q803F6,Q803F6,A0A024R2P0,A0A024R2P0,P32905;P46654,ZERO,Q9Y7L8;Q9P546,ZERO
KOG1646,5,1,P51430;O48549,ZERO,NONE,NONE,NONE,NONE,Q6DHL6,ZERO,A2A3R6,A2A3R6,P0CX38;P0CX37,ZERO,P05752;Q9C0Z7,ZERO
KOG1060,5,1,Q9M2T1,ZERO,NONE,NONE,NONE,NONE,E7EZ80;E7FFW0;F1R955,ZERO,O00203;Q13367,O00203,P46682,ZERO,O13939,ZERO
KOG3689,5,1,NONE,NONE,Q22000;P30645;P91119,ZERO,A0A0B4LH87;Q9W4S9;M9MRK1,ZERO,F1QM22;E7FCA6;E7F690;F1QJD6;F1QBD6;F1Q5E8;F1Q4S3;F1R112;F1Q9F2;E7F7P6;F1QTU1;F1QWK8;F1QZ12;F1QZN8;Q800E7;E7F6S1;F1QJC2;E7F5I9;E7F9R6;E7FGX6;E7F5K4;F1Q4Q7;E7FAS0;E7FH06;E7F0J7,ZERO,Q9NP56;Q13946;Q9Y233;O76074;O00408;P35913;P51160;Q9HCR9;X5DNX5;P16499;Q08499;Q08493;O76083,O76074,P06776,ZERO,NONE,NONE
KOG3637,5,4,NONE,NONE,P34446,P34446,P12080,P12080,A1A5I3;E7EZC7;E7F3P8;E7F7L7;E7F925;E7FAC2;E7FGC7;F1Q8T4;F1QEK7;F1QIM5;F1QWI2;F1R108;Q5I2A9,A1A5I3;E7EZC7;E7F3P8;E7F7L7;E7F925;E7FGC7;F1Q8T4;F1QWI2;F1R108;Q5I2A9,P20701;Q13797;O75578;P53708;P08514;P08648,P20701;Q13797;O75578;P53708;P08514;P08648,P47014,ZERO,NONE,NONE
KOG3508,5,1,NONE,NONE,Q8MLZ5,ZERO,Q8T9B1;X2JCD6,ZERO,E7F1U4;E7F372;E7FDZ7;E9QBX6;F1Q588;F1QX32;F6NI34;F6PDT3,ZERO,Q9UJF2;Q5VWQ8;Q96PV0;Q86YV0;P20936,Q86YV0;P20936,P33314,ZERO,NONE,NONE
KOG3671,5,1,NONE,NONE,Q8MQE6,ZERO,A0A0B4KH08;Q86B74,ZERO,F1QNY1;Q5RGR6;E7EZA8,ZERO,A0A024QYX8;O00401,A0A024QYX8,NONE,NONE,O36027,ZERO
KOG0031,5,1,NONE,NONE,P19625,ZERO,P18432;F6J1D0;Q9VG88,ZERO,Q66I73;O93409;B3DKC6;Q6NVA6;F1QYK9;E7FG54;Q6PHJ8;F1QJP3;Q801M3;Q24JV6,ZERO,A0A024QZG6;O14950;P19105;P24844;Q01449;Q02045;Q6IB42;Q9BUA6,P19105;P24844,NONE,NONE,Q9UUG5,ZERO
KOG4119,5,1,NONE,NONE,G5ECT6,ZERO,P38040,P38040,Q6DGZ5;Q90Z40;F8W3G9;Q6DH00;Q6PBN9;Q6TH03;E7F1F5;B3DIM4;Q6PBR4;I3ISJ0;Q503Q6,ZERO,A0A024R156;B1APZ0;O14610;O60262;P59768;P63211;P63215;P63218;Q53Y01;Q9UBI6;Q9P2W3;Q9UK08,ZERO,NONE,NONE,O14330,ZERO
KOG3607,5,2,NONE,NONE,Q19844;G5EFD5;G5EDW5;Q9N5X7,G5EFD5,Q86P79;M9NDY9,ZERO,F8W3T1;F1Q4N9;E7FEZ4;F1QIW5;Q7ZYZ9;F1QF43;E7FGJ0;F1QU24;E7F494;F1QFD2;E7F6J8;E7F698;E7F763;A3KQJ0;E7FG16;H9GYH5,ZERO,A0A024R3W8;Q9H2U9;Q9P0K1;O15204;P78325;Q9Y3Q7;Q99965;Q13443;Q13444;Q9UKF5;O43184;Q9UKQ2;Q8TC27;Q9BZ11;Q9UKF2;Q9H013;O43506;O75078,Q9P0K1;O15204;P78325;Q99965;Q13443;Q13444;O43184,NONE,NONE,O13766,ZERO
KOG1516,5,3,NONE,NONE,O45083;Q9BL43;H2L069;O16497;Q20826;Q4PIS8;O16694;Q23123;Q95YC3;O02147;G5EDJ7;Q23268;G5EC03;Q93251;Q9XW75;Q9GZG9;Q23009;Q18573;G5EED7;O44089;Q22008;Q17542;O16490;Q95YC4;Q93254;Q8MQC8;H2L0K7;Q8MQ23;Q23008;Q23010;Q21266;B6VQ83;P92016,G5EED7,Q9Y141;Q86NU1;Q9VIC6;Q6NR70;Q9VLA3;Q9W1B3;Q9VIC0;Q961N0;Q961J7;Q24201;Q24203;Q9W2F4;A1ZA99;Q9BMT7;A1ZA97;Q8T016;Q24202;Q9VPZ5;P18167;A0A0B4K6V8;Q8T468;Q9VLJ1;Q9VLJ2;Q9VIC7;Q9VP25;Q8SZW5;Q9VIC3;Q8IGQ2;Q9W4N5;A0A0B4LHM3;M9MS15;Q7KT70;P08171;A0A0B4K604,ZERO,Q6GMJ1;F1R9X5;E7F5U4;F6P131;F1QLQ9;F1QW10;F1QCZ5;F1QX74;F1QK81;E7EZQ9;F1QVL5;F1QJV3;F1R1T7;A2BHL9,F1QW10;F1QCZ5;F1QX74;F1QK81;F1QVL5;F1QJV3;A2BHL9,A0A024R6X1;A0A024R9E7;A0A024RBV0;Q8N2Q7;Q5XG92;X6R868;Q6NT32;P23141;X5DNV3;Q8NFZ4;Q6UWW8,A0A024R9E7;A0A024RBV0;Q8N2Q7;Q8NFZ4,NONE,NONE,O94493,ZERO
KOG0528,5,1,NONE,NONE,Q23045,ZERO,Q9V480,ZERO,F8W2H3;E7EZP3;B3DJE0,ZERO,A0A024RB06;P35712;Q9UN79,Q9UN79,NONE,NONE,P36631,ZERO
KOG0375,5,1,NONE,NONE,Q0G819,ZERO,A0A0B4K6V6;Q27889;Q26249,ZERO,E7F169;F1QF86;F1QD93;A3KGZ6,ZERO,P16298;Q08209;P48454,P16298;Q08209,NONE,NONE,Q12705,ZERO
KOG0245,5,1,NONE,NONE,P23678;Q8MQ20;G5EFQ4,ZERO,A0A0B4K7D4;A0A0B4KFR5;Q8SZH6;Q9VIP4,ZERO,E7FE81;F1QE90;F1QK76;F1QBI0;F1Q554;E7F9X4;E7F4K4;E7F084;B0S7L9;E7F0X8;F1RCT7,ZERO,O43896;Q15058;Q96L93;Q9H1H9;Q9NQT8;Q9P2P6;Q12756;O60333,Q15058;Q9NQT8,NONE,NONE,Q9UTL2,ZERO
KOG3743,5,1,NONE,NONE,G5EDU7,ZERO,X2JAI1,ZERO,A4FTT3;A4FTT4;F1R7R5,ZERO,Q06330;Q9UBG7,ZERO,NONE,NONE,O74412;O74954,O74412;O74954
KOG0035,5,1,NONE,NONE,Q21408;Q23158;G5EFW3;G5ECW3;E0AHA7,ZERO,M9PBI5;B7YZI1;Q9VZQ3;M9MS06;M9PF16,ZERO,A5PLJ3;B8JHU4;D1GJ56;E7FD42;E7FDY1;E7FDY6;E7FFA8;F1QBM5;F1QFS5;F1QQE5;F1QXB0;F1R446;F1RAJ3;H9GX78;H9GYZ5;Q8AX99,ZERO,Q8NDI1;O15020;P35609;Q13813;Q8N3D4;Q9NRC6;B2ZZ89;P12814;O43707;Q9H254,P35609;P12814;O43707,NONE,NONE,O13728,ZERO
KOG4305,5,1,NONE,NONE,NONE,NONE,Q95SH3,ZERO,B0UY55;E7F7P2;E7F9U7;F1QCM5;F1QHI5;F1R0Z9;Q5RHT9,ZERO,Q15811;Q5SQI5;Q9NR81;Q8N1W1;Q9NZM3,Q5SQI5,P51862;Q06412;P53046,ZERO,Q9UTR5;Q9Y7U5;Q9Y7U6,ZERO
KOG2571,5,2,NONE,NONE,NONE,NONE,Q9VNW7;Q8MQN8,ZERO,E7F1A0;F1Q9N7;F1QC73;F1QNF3;Q1LUE8;Q1L8X7;Q9DG41,F1QNF3;Q1LUE8;Q9DG41,Q92839;Q92819;O00219,Q92839;Q92819;O00219,P29465;P08004;P14180,ZERO,O74756;P30597,ZERO
KOG4466,5,1,NONE,NONE,NONE,NONE,Q8MS11;Q9VYI2,ZERO,E7FFJ2;F1Q5H1;Q4V8V1;Q6DBU7,ZERO,Q9H7L9;Q5PSV4;G5E9I4,ZERO,P40505,P40505,Q9UTB6,ZERO
KOG3983,5,1,NONE,NONE,NONE,NONE,Q8SZI1,ZERO,E7FGM1;Q1L8X1;Q503S3,ZERO,Q9H4A6;Q9H4A5,Q9H4A6,Q06385,ZERO,O14205,ZERO
KOG4812,5,1,NONE,NONE,NONE,NONE,Q9VVJ5,ZERO,F1QQT7;F1QYW5;I3ISU2,ZERO,Q9BT67;Q9NV92,Q9BT67,P38356,ZERO,Q9P3T9,ZERO
KOG3534,4,1,Q5S2C3,ZERO,O44518,ZERO,Q9VF87,Q9VF87,A5A5E1;E7FE42,ZERO,NONE,NONE,NONE,NONE,NONE,NONE
KOG1431,4,1,O49213;Q9LMU0,ZERO,G5EER4,ZERO,NONE,NONE,B0S7C9;Q6DC41;Q5SPD5,ZERO,Q13630,Q13630,NONE,NONE,NONE,NONE
KOG2668,4,1,Q9LV90;Q501E6;Q4V3D6,ZERO,NONE,NONE,C9QP31;O61491,ZERO,Q6PFT0;Q98TZ8;Q6TH07;Q7ZZ76,Q98TZ8,A0A024QZ62;Q5ST80,ZERO,NONE,NONE,NONE,NONE
ENOG410IH0T,4,2,Q8RX80;Q3E9X6;Q9LDS6;O64777;O64780;O64770;Q9SXB3;O64778;O64782;O64776;Q8L710;O64784;Q8H199;O64781;Q9LDM5;Q9SYA0;Q9SY95,ZERO,NONE,NONE,Q24145,ZERO,M9MM92;E9QFU7,M9MM92;E9QFU7,A0A024R244;P43403,A0A024R244;P43403,NONE,NONE,NONE,NONE
KOG1427,4,1,Q8L7B6,ZERO,NONE,NONE,Q9VMI5,ZERO,Q6NYE2,ZERO,A0A024RAC5,A0A024RAC5,NONE,NONE,NONE,NONE
ENOG410IF1S,4,1,C0LGD9;F4J927;Q9FN93;Q9M0D8;Q9SI06;C0LGL4;Q9ZQQ7;C0LGT5;Q9ZQR3;C0LGW2;Q9SNA2;C0LGP2;O81069;Q9FN94;F4IJP7;F4JMW3;Q9M9B0;C0LGD8;Q9FZB9;Q9SNA3,ZERO,NONE,NONE,A0A0B4K689,ZERO,F1RD31;B8A5U8;E7FEW6,ZERO,Q96S53;Q15569,Q96S53,NONE,NONE,NONE,NONE
KOG4824,4,1,Q9STS7;Q9FGT8,ZERO,NONE,NONE,A1Z991;Q8SXR1;Q1ECA7,ZERO,F1R0I2;F1QDM9;E7F2R8,ZERO,P05090,P05090,NONE,NONE,NONE,NONE
ENOG410IEZ9,4,1,O22834;Q8L7G3;Q9M1Z9;Q9M3E5;Q9FJI4;Q9M1G4;Q96285;Q9LSR8;Q9M3D7;Q9M3D8;O22833;Q9LSS0;Q9LPZ9;Q9ZR79;Q9ZRF9;Q9M1G3;Q9LSR9,Q9LSR8,NONE,NONE,E1JJM7,ZERO,B3DIV5;Q6DG29;E7FB16,ZERO,P53667;P53671,ZERO,NONE,NONE,NONE,NONE
KOG2812,4,1,Q8S9I4,ZERO,NONE,NONE,Q9VB74,ZERO,E7F275,ZERO,Q8N5F7;Q5M9Q1,Q8N5F7,NONE,NONE,NONE,NONE
KOG0656,4,1,Q0WQN9;P42752;Q9LZM0;P42751;Q2V3B2;Q8LGA1;P42753;Q9ZR04;Q9FGQ7;Q9SN11,ZERO,NONE,NONE,Q7KUZ5,ZERO,E7F773;F1QNY8;F1R4K9;F1R9R4,ZERO,P30281;Q6FI00;P30279,P30281,NONE,NONE,NONE,NONE
KOG2432,4,1,Q9C9B4,ZERO,NONE,NONE,Q9W4D1,ZERO,F1QA96;H9GZD7;Q5RGI4,ZERO,Q8NEG7;Q8IWF6,Q8IWF6,NONE,NONE,NONE,NONE
KOG2489,4,1,Q9FNN8;Q8VZJ5,ZERO,NONE,NONE,Q9VYG3;Q9VQX6,ZERO,F1R5K1;Q6DHU1,ZERO,O96005;Q96KA5,O96005,NONE,NONE,NONE,NONE
KOG2037,4,1,Q9ZWA5;F4ITY5;Q9FNL5,ZERO,NONE,NONE,A0A0B4LHV8,ZERO,E9QGX9;A2CEM4;F6NUR2;F1QZE1;F1QUY8;F1RAL8;Q6DHP7;F1QRV1;Q1MT80;E7FED8,ZERO,Q8NHH9;Q8WXF7;Q6ZN66;Q9ULX5;P32456;Q6DD88;Q9H0R5;Q96PP9;Q8N8V2;P32455,P32455,NONE,NONE,NONE,NONE
KOG1186,4,1,Q9C6V7;O23349;Q9C6V9;Q8L866;Q8GZ62;Q8L742;Q9STI3;Q8H1H9;Q3EBM6;Q9M2B9;Q9STI4,ZERO,NONE,NONE,NONE,NONE,A0JMP5,ZERO,P19801;O75106;Q16853,Q16853,NONE,NONE,O42890;Q9P7F2,ZERO
KOG4776,4,1,Q8GX81,ZERO,NONE,NONE,NONE,NONE,NONE,NONE,Q9UEE9,Q9UEE9,P38326,ZERO,O74897,ZERO
KOG4678,4,1,NONE,NONE,G4SJU0,ZERO,E2QD99;X2J9Z8;Q24109,ZERO,Q2KN93;E7FBT8;Q5CZV1;F1Q558;E7EYZ7;E7F6Q9;A2ASQ4;E7FG55,ZERO,A0A024QYY9;F8WAN1;P53814;Q69YQ0;Q2TAL5,Q69YQ0,NONE,NONE,NONE,NONE
KOG3587,4,1,NONE,NONE,Q18813;A4F313;Q6BEU2;G5EBV4;A4F307;C4RVF6;Q09610;Q18625;Q9GZD9;Q9GZD8;O01329;O01331;O01330;Q9GZE0;Q5ZR27;O45904;Q94215;Q8I4A4,ZERO,Q9VWB0;Q9VPU6;Q9VPI7;M9NCX9;Q95SA3,ZERO,Q29RA0;E9QFY9;F1QWY9;Q6IQI2;B8A4X5;F1QGM0;F8W2I6;Q6DGJ1;E7F389;F1QSL3;Q1ECW6;A5PN32;E7FGX2;E9QFW3;F1QIE5;Q7T119,ZERO,A0A024QZ55;A0A024R693;A8MUM7;O00214;P05162;P09382;P47929;Q05315;Q6FHZ4;Q8TCE9;Q9UHV8;Q96DT0;Q3B8N2;Q6DKI2;Q3ZCW2,O00214;P09382;P47929;Q05315,NONE,NONE,NONE,NONE
KOG4297,4,2,NONE,NONE,O62353;A4F308;A4F310;A4F314;A4F315;A4F316;A4F317;A4F318;A4UVL2;A4UVL3;A9IG05;B3WFY9;C6KRP4;C7FZU9;D3KFV8;D5MCU5;E3CTG5;E3CTG6;O45469;O62157;Q18849;Q688Z5;Q19800;Q9N4A0;Q2MGE7;H1ZUW0;O45528;O45534;Q23409;G5EC88;O76400;O76401;Q18574;Q067W9;Q9XX75;Q9XX76;Q22206;Q22205;Q9N4W5;O44525;O17562;Q9N4M8;O16285;P91214;Q7JK99;O18201;Q9NA92;O16778;Q2V4T8;P34312;Q8WTL2;Q21985;Q21984;Q20038;O44523;O02118;O45822;O45823;Q9XTS6;Q9XUD0;Q18LB7;O62406;Q7YWS2;O45586;Q9XWQ0;Q9XWP9;Q9XUA7;O02343;G5EFM5;G5EDN7;Q19226;Q19230;Q19231;O45492;Q21916;Q9XUI2;Q9XUI1;Q9XUI4;Q9XUI6;Q9XUI0;Q9XUI5;Q9XUH9;Q564T1;Q19801;Q9N3W1;Q9N3W9;Q9N3X0;Q9N3W8;Q9U2W5;Q3LFM3;Q9U201;Q9XUZ8;Q9XV06;Q9NAK5;Q9NAK6;Q52GY3;O61964;O61962;O61960;Q7K7K8;G5EFF6;Q9TYL4;O16210;O16209;Q9N4T1;Q4ZGE4;O17678;O17675;O17672;Q9U2W0;O16543;O62155;O62150;Q9XUC9;Q09300;Q22831;Q95QR9;Q9U2Q0;O45531;Q7YX12;Q9XWF3;O01253;Q9XW11;Q9XW21;O45824;O01701;O44774;O45419;Q19516;O44912;Q5WRN9;Q22955;Q22966;Q94417;G4RY15;Q9U2V0;O44916;O44915;O62156;O62154;O16770;G1K0Y5;Q20037;Q20036;O45851;Q95XW1;O18269;Q18821;Q9XVE1;O18076;Q8ITX4;Q9XVS3;P91213;Q22934;Q9XXJ6;O16642;O16641;O44913;O44914;O44910;O44911;O45821;O45272;O17613;Q4R152;O01337;O01336;O17166;P91292;Q56VX5;Q9XUN6;Q4ZGE3;Q22591;G5ECM8;G5EBP6;O18268;O01520;Q9XVJ9;O62025;O45275;O17630;O44853;O76608;O76609;O76586;O45388;Q9XUL7;Q21471;Q9XV91;G5EDV2;Q9XV92;Q9XV95;Q5ZR75;Q18492;Q20039;Q4PIT1;Q4PIT0;Q9XUG1;Q9XUF4;Q9XUG2;Q7YX30;Q9XXB7;G5EG12;O17155;Q4R111;Q9TXW7;O17854;O16363;Q22932;O45829;Q9NEP2;Q9GRV4;H2L0E3;H2L0R0;Q9XVT9;O45532;P90733;G4SJ57;G4RYA3;O45375;H2KMJ0,ZERO,A1ZB48;B4ZJ93;B7Z0K3;M9PD58;M9PFV8;O46197;Q9VM16;Q7JWF7;Q6NMY2;Q9VPS2;Q9VPS3;Q9VLW1;Q94881;Q9VGA3;Q9W468;Q9VYR4;Q6GUX1;Q6GV06;Q65Y00;X2JBY1;Q8IRH8,ZERO,A2CEH6;A2CEH8;A3QJU0;A4FVG7;A7E2L6;A8E4S9;A9JRA9;B0R0P2;B0S6P2;B0V232;B3DFJ9;B3DIG2;B8A5M2;B8A645;B8A646;B8JM30;E7F0Y1;E7F2R6;E7F314;E7F3S3;E7F3U7;E7F663;E7F6Y1;E7F7Z4;E7F856;E7FAF8;E7FAQ3;E7FE76;E7FEQ4;E9QB32;E9QBG6;E9QC14;E9QEL4;E9QET3;E9QFV7;E9QGN3;E9QJ04;E9QJ87;F1Q525;F1Q7Y9;F1QAT5;F1QAV2;F1QBF6;F1QC82;F1QCW9;F1QDI2;F1QGG5;F1QHL3;F1QHZ0;F1QIA8;F1QJ84;F1QMD7;F1QNB5;F1QPQ3;F1QQV5;F1QT24;F1QW96;F1QXN0;F1QYF2;F1R004;F1R2S6;F1R2T2;F1R4T0;F1R5T8;F1R7R0;F1R7W7;F1R8A7;F1RBK2;F1RDS3;F6NHW9;F8W3G6;F8W4A7;H9GXD3;H9GXK3;H9GYR6;Q5RFX4;Q5RFX3;Q5RG09;Q5RFY1;Q5RFX5;Q5RG16;Q5RG08;Q24K33;Q5RG14,F1QW96,A0A024R0M1;A0A024RAN9;A0A024RAU0;A0A0A0MSD0;A0A0A6YY95;A4D1S0;A4D1U7;A5D8T8;D3W0D1;F5GZ18;H0YCG3;Q6ICS1;Q9NNX6;Q9H9P2;P06734;Q6FGQ5;P20851;Q53ZX0;Q5TLG3;Q12918;Q53S56;Q9UHP7;Q9UMR7;Q6UVW9;Q8IWL1;Q9P126;P0C7M8;P16581;P05451;Q8IZS7;Q6UXS0;Q9Y2Y8;Q5QGZ9;Q9UJ71;Q6EIG7;Q8NCF0;Q6UXF7;Q2HXU8;Q8NC01;Q8IWL2;Q6UXN8;P26718;Q7Z407;Q9H2X3;Q96E93;P13727;Q13241;Q92478;P02749;Q7Z408;Q08G24;Q6UW15,A0A024RAN9;Q9NNX6;Q9UMR7;P16581;P26718;Q9H2X3;Q08G24,NONE,NONE,NONE,NONE
KOG3585,4,2,NONE,NONE,Q22813;Q20257;Q9XVD5;O02073;Q9NA55;Q9NA56;Q9NAH2;Q1T6W8;Q23622;O45291;Q9TZL0;O61764;Q22292;Q19691;Q09376,ZERO,P55965;M9NEV8;Q9U8L5;Q9VST0;Q9VST2,ZERO,Q7ZTU9;B0R122;B8JKS6;F1Q5T5;B8JL25;F1R513;B5DE34;Q9IAK8;D1YT98;F1R688;A1IJT6;E7FCP0;F1R2Y9;Q8JIS6;F1Q7B7;F1QV06;B0S6U6;G1K2W9;Q98TU2,Q7ZTU9,A0A024QZ86;A0A024RBL6;O15178;O60806;O95936;O95947;P57082;Q16650;Q99593;Q9UL17;Q8IWI9,O95936;Q9UL17,NONE,NONE,NONE,NONE
KOG0196,4,2,NONE,NONE,O61460,ZERO,Q0KIF4,ZERO,F1Q4S7;F1QJD4;F1R4B3;F1QEJ3;E7F533;E7F2W4;F1QHF1;A2CEJ3;E7F153;H9GYN9;F1QSD6;F1RCL1;F1RCR4;B8JKB8;F1Q9D9;E7FCK3;F1QR66;F6P3V1;Q5VSJ4;E7F946;H9GXF0;F8W481,F1R4B3;B8JKB8,A0A024QZA8;A0A024R452;A0A0B4J1T8;P29322;Q541P7;P21709;P54762;P29320;Q15375;P54756;P54753;Q5JZY3;P29323,P29322;P21709;P54762;P29320;Q15375;P54753,NONE,NONE,NONE,NONE
KOG3806,4,1,NONE,NONE,Q22355;O44138;O01519;O01521;Q7JNQ1,ZERO,P29776;Q04688;Q8MRW5;P29774;P51022,P51022,B7ZVP1;E7F6E9;B3DIF9;E7F086;F1QFL0;F1RD02;F1R6H2;Q30JB6;Q9PU61;F1QK28;F1QDX9;Q9I9E8;F1QX40;A3FEM2;F1QIB0;Q501S1;B0S6S7;F1RB24;E7F1I3,ZERO,A0A024R0L4;A0A024R1A7;A0A024R9C2;A0A024RBE2;A0A0A0MSR4;A8IE48;P50549;P11308;P15036;P41162;O00321;P14921;Q99581;P41161;Q6ZN32;P43268,ZERO,NONE,NONE,NONE,NONE
KOG1621,4,1,NONE,NONE,Q95Q62,ZERO,Q95R55,ZERO,E7F4R8;F1QC01;Q5RGF8;F1QWH1;F1QPV9,ZERO,A0A024R0N8;P23677;P27987,P27987,NONE,NONE,NONE,NONE
KOG3563,4,1,NONE,NONE,Q17381,ZERO,P14734,ZERO,Q1LV18;Q6P0C9;F1Q819,ZERO,A0A024R0R3;P55317,P55317,NONE,NONE,NONE,NONE
KOG3513,4,3,NONE,NONE,Q9BIA2;Q5WRK9;Q53U87;G5ECX2,ZERO,M9NEZ5;Q9VN14,Q9VN14,F1Q8S1;E7EZG5;E7FE93;F1QCV0;F1QIL9;F1QAV8;E7EYB9;E7F1Y5;F1QGN2;F1QFZ7;F1RAU4;Q5TYT0;E7FG37;F1R5A9;F1QA39;E7F8Q3;F1QQK1;F1QD80,E7FE93;F1QIL9;F1R5A9,A0A024R104;A0A024R2C7;A0A024R2E5;A0A024R9B4;A0A0A0MQX5;O00533;O94856;Q9P232;Q92823,A0A024R9B4;O00533;O94856;Q9P232;Q92823,NONE,NONE,NONE,NONE
KOG0193,4,1,NONE,NONE,G5EDA5,ZERO,Q8ISD7,ZERO,Q5FBD1;F1QAD4;F1QQZ9;F5H8P1;Q1LYG2;F1QN59;F1QFX8;F1QRN2,ZERO,A0A024R178;L7RRS6;P15056;Q6VAB6,P15056,NONE,NONE,NONE,NONE
KOG3529,4,1,NONE,NONE,G5EBK3;G5ECW4;H2KYX3,ZERO,X2JFU0;P46150,ZERO,B3DGL5;F1RD94;A0JML5;Q66I42;Q6Q413;F1Q8I0;E7FG46;F1QAI0;B0S599;F1Q5C7;Q503E6;F1QA47,ZERO,A0A024R1J8;B0YJ88;Q3KP66;Q9Y2L6;Q96HB5;V9HWC0;Q9P2Q2;P15311,P15311,NONE,NONE,NONE,NONE
KOG1026,4,0,NONE,NONE,G4RZJ9;G5EGK5,ZERO,A0A0B4LF75;Q24488,ZERO,E7F9A1;E7FCE4;H9GXM2;F1QKJ0;E7F2R9;F1QB19;F1R127;F1QKB5;E7EY55;F1Q7S3,ZERO,A0A024R230;Q01974;X5D2R1,ZERO,NONE,NONE,NONE,NONE
KOG4475,4,1,NONE,NONE,Q21465;G4SLH0,ZERO,M9PEA9;Q95SR4;Q961U1,ZERO,F1QX70;F1QEQ4;F1QB89;F1QJM9;E7F5K0;E7F971;E7F3V2;F1Q8W1;F1RDS5;E7FD44;E7F8Z2;E7EZL5;A8KB21;E7EY71;E7EZE1;A4JYR5;F1Q542;F1QED9;F1QHS2;F1QTL8;F1R4L4;E7F4H5;E7FC77;F1R0P7;E7F933;F1QSL8;F1QDY6;F1QPQ5;F1R874;F1QLD8;F1R896;F1RA53;E7EYA9;F1QQM9;F1QD43;E7EXX0;E9QFJ4;E7F8L6;F1QBI8;E7FBC3;F1R1M8;F1QSB6;E7EZM0;E7F8F8;E9QDX4,ZERO,Q13308;Q9Y334;Q96RW7,Q13308,NONE,NONE,NONE,NONE
KOG1217,4,3,NONE,NONE,B9ZSH4;H2FLH1;H2KYS0;O16364;O45764;O45828;P41990;P90891;Q9UAV9;Q9XV21;Q9XX04;Q20043;Q9XUG6;Q9U2D5;Q20852;Q21756;Q9N432;Q93519;Q9XX05;Q19350;Q9BIA0;Q9XTS9;Q9U1T8;Q9U1T9;Q95Y21;Q9NL29;Q9TVY6,Q9TVY6,A0A0B4K7R8;E1JHA6;E8NH67;M9PCJ6;Q9V4B8;Q8MQN5;Q8SYF5;Q9VB21,ZERO,B8JKQ5;C0H5W1;E7EZN2;E7F277;E7F2S5;E7F3Y7;E7F4G3;E7F9K6;E7FBP0;E7FDF7;E7FDJ3;E7FF99;E7FFU9;E7FFY2;E7FG71;F1Q5X7;F1QAF0;F1QCA1;F1QDU7;F1QEL8;F1QFX6;F1QH95;F1QHP9;F1QJ22;F1QML5;F1QVB9;F1QZ90;F1R0I7;F1R148;F1R4I8;F1R731;F1R986;F1RB82;F1RC05;F1RE22;F1RE47;F2Z4T0;F6NQW0;H9GYQ2;Q1A5L2;Q1LYD2;Q5TZK8,E7F2S5;F1RE22;F6NQW0;Q1A5L2,H0Y3X1;A0A024R8F5;A0A0A0MTC8;P0CG37;P78504;Q7Z3S9;O15232;Q53RD9;Q8IX30;Q8TER0;P0CG36;P80370;Q5IJ48;Q9NYJ7;Q96DN2;Q9NR61;P13385;Q5T1H1;Q14766;Q9Y219,Q53RD9;Q8TER0;Q9NR61;P13385;Q9Y219,NONE,NONE,NONE,NONE
KOG3701,4,1,NONE,NONE,G5EDS9;P45896;Q02330;Q21733;Q95QI7;F5GUE5,ZERO,P42003;Q5U110;Q86NL2;O76259,ZERO,F1QS48;Q66HX9;F1Q4Q6;Q9W7E7;Q9I9P9;Q8AWR7;E7FGT9;F1RC55;F1QXZ9;F1QR49;Q1L8R8;Q1L8Y3;Q8AY15;F1QED2;F1QDW9,ZERO,A0A024R274;A0A024R5Z3;O15105;O15198;O43541;Q15797;Q68DB7;Q53XR6,A0A024R5Z3;O15105;O43541,NONE,NONE,NONE,NONE
KOG4728,4,1,NONE,NONE,P41958,ZERO,Q9NGX3;Q7KM33,ZERO,Q1L8X3;Q564A4;Q90Z98;B0S7M3;A2BF68;F8W479,ZERO,A0A024R2B3;A0A024R4A8;A0A024RAR1;A0A0A0MRG8;Q07817;Q07820;Q16548;Q92843,A0A024R2B3,NONE,NONE,NONE,NONE
KOG3656,4,2,NONE,NONE,Q18179;O16687;Q20841;O02043;Q21413;B6EU69;G5EBX8;Q19399;Q19397;Q18321;Q18701;P91487;Q9N5L5;Q18534;Q9XUK8;O45096;Q17553;P91064;O62403;Q20067;G5EGH5;O62169;O17899;Q95YD7;Q94219;P34311;P91096;O44986;O18014;O45732;O02300;G5EDR6;Q23265;Q20275;Q95Q47;O45601;Q09638;Q18775;G5EFT1;Q10904;Q23497;O45726;O17239;Q09502;Q23033;P90745;Q9U320;P91439;Q20325;O44536;O62189;Q7YWS0;Q17594;Q20686;Q18929;Q03613;G5EG36;G4SNP8;Q59E83;Q11082;Q19125;G5ED22;O17470;G5EEB1;Q6F3C9;Q22895;Q6RYS9;C7FZU0;Q1ZXT2;Q22995;Q86ME6;Q7YXG8;O44731;Q18007;Q7JP61;Q9XXU4;Q19084;E7EM37;Q9XVS5;O02213,ZERO,A1Z7X3;Q9VNM1;A8JQT4;E1JGM2;P06002;Q8T0P6;Q9VW75;A1ZAX0;Q6WNX8;Q7JQF1;P25931;Q8ITC9;Q7K3N2;Q9W167;A8JUP8;Q9VHW1;Q9NBC8;A0A0B4KHG3;Q8MU51;Q71EB3;Q9VEG2;Q9VTU7;Q86RK9;A0A0B4KHQ6;Q9VAA2;Q9VMI4;Q9VWX4;A0A0B4K6H0;Q8MTX9;P91657;Q9VTW7;P22270;Q7M3J6;M9PDK4;Q9VEG1;Q8IN35;A0A0B4KFU6;Q9VT27;Q7YTE8;Q8ITC7;Q4LBB9;M9PC39;E1JIT6;Q6WNX7;P04950;Q9VZW5;Q8MYV5;P28285;Q868T3;Q9W3V5;E1JGY1;A0A0B4KI18;P08099,ZERO,B6E506;F1QRJ4;F1R465;E7FGX9;Q2MV23;F1QKU3;Q8AWE0;F1R288;Q5QNP2;E7FFG5;Q6P981;A1YQE3;F1QNS5;F1QG61;F1R0V6;F1QIM2;E7F1C0;F1R6R5;B0V2S3;A2BHH9;Q5QNQ2;F1QJG4;Q5QNP3;F1RDY6;F1Q922;F1R2I5;B1NYI2;E9QE24;F1Q4L9;E7EXL7;A1L1P0;F1QY86;A4IG54;F1R332;F8W4E0;E9QCC9;F1RCI8;Q90X46;E7F391;Q7T3E9;Q5QNQ0;F1QAH0;E7F359;E7F9K8;F1QRH0;Q1L8Y8;B0UXU8;D7R7W5;F1Q7L4;F1QWZ8;F1R722;Q9W6A6;F1QQR5;Q29ST6;F1QPK9;B3DJ05;F1QE24;A9JRY7;F1Q6Y1;F1QM45;E7EZZ5;F1QIT4;F1QXI8;F1QYJ0;F1R9E7;Q6ZM33;E7F4K9;F1QL67;F1QG59;E9QHE0;Q801U8;F1QJV8;F1RE49;F1QKY0;H0WE73;F1R7C5;F1RCX7;A3KNW1;K7DYI6;Q5QNN4;F1QN36;F1QE71;I3ISY4;E7F7H2;F1QG18;E7FCG9;F1QNG1;E7FA10;F1QB61;A3QJZ0;A0A0A0MPI9;F1QG67;A2BHL6;F1RDY2;Q5QNN7;F1QBH4;E7F2P3;Q1LVY1;F1QF39;F6NR34;F1QCL1;F1R5Q2;H0WFG5;Q9DGM2;E7FFG8;F1QT66;E7EZF4;E7F5S1;F1R921;F1Q734;Q5RG95;Q9PTF7;A5WWC0;F1QC25;D2Y178;F1QMQ4;E7FFF2;Q5RG91;Q8AYM7;E7FB19;B3DIJ2;H9GYN8;F1R116;E7FE45;F1QW64;F1QCT1;Q7ZZ32;Q1JPS6;F1QP03;F1Q5N3;F1R613;H0WF96;Q8AYN0;F1QQH4;F1R2Q0;F1RAN3;F1QZU4;Q9W6A5;F1R2H1;F8W2E5;B3DH72;E7FAM4;F1QQP3;F1QR90;F1RAF0;B3DK10;F1Q7U6;B0V116;F1R8T6;Q5RHQ9;E9QHT0;A8E7T8;E7FG90;Q0GH74;F1QJL9;Q5QNP6;E9QFU3;Q7T3Q4;F1QNP2;D3TZW2;E7FEE5;E7F5I7;Q5QNP1;E7F911;A3QK20;F2Z4R9;Q6DHQ8;I3ISR2;F1Q7U3;H0WFA9;P35359;F1QLW4;Q5VJN3;Q5QNP5;Q5QNM9;A5WW93;Q1MT85;F1QUA9;E7FDL0;F1R5E8;Q9I918;F1QFF1;Q5RG94;E7F0W7;H0WEP4;H0WEI4;E7FH20;D3TZW3;Q5QNN0;A4FUN8;F1RB56;F1QPZ0;H9GYZ9;E7EYN4;F1QMZ3;E7F7E1;F1QI06;F8W4W1;F1QPE1;E4W698;E7F8D2;E7F1P3;F1QPB4;H9GYK5;F1R7J4;H0WF08;F1R236;D0EXE2;E7FEN7;B3DJ99;F1Q707;F1RD36;F1QWX3;E4W699;Q5QNN3;H0WEH4;E7F8X5;Q5RGR7;F1QA28;A3KGQ1;F1QNC8;H0WF67;B0S7I8;F1R4W1;E7F599;F1R410;A3QJX7;F1R6A2;F1R0P5;F1RB87;Q9W6A7;Q5QNN8;F1QDP7;F1R8K4;F1R8F4;E7FF58;F1R6D3;Q7T1A1;Q5QNQ3;Q567Y2;F1QH78;F1QQL3;B0S6X1;F1R198;F1R197;F1QZ22;F1R2F3;F1QRN8;F2Z4S2;Q9W6A8;F1QM66;A8E7L5;D2Y177;H9GXE1;F1QIS8;I3IS68;F1RCS3;A8E7S9;F1QVN5;H0WFD8;F1R1I0;F1R8G1;E7F3I2;F1QQG1;E7FD59;F1QF67;E7FCM2;B1NYI3;Q5QNP8;F1QGX5;B0V1P1;E7FD25;E7FGW8;F1Q6J0;A9NJI7;Q29ST4;F1RAT2;F1Q6X3;B3DJU8;A8YXX6;E7F1C3;F1QD70;E7FBS0;F1RA41;E7FGY4;H0WET4;F1QWD2;F1QYD4;F1QYD6;E7FFF4;F1QCD0;F1R302;B0V1I9;F1QEZ6;E7F0Q3;F1QRS2;F1QQM7;F1QQG9;Q90WY6;F1RBP4;Q5DJ14;B8JHS2;F1QK12;F1QGZ0;E7EZ19;F1QJG8;Q5TYU0;K9J6R0;F1QJ88;F1R361;Q1LVV2;F1QNV9;Q5QNP9;E7F6Y6;F1QEX8;F1QX97;B8JHQ2;B3DJ81;B3DGN0;B0S5K7;F1QCT2;F1Q7N9;F1QTY3;B3DIE4;F1QAS9;D0EXE4;B3DLG5;B8JL37;F1RAY9;A2AV71;B8JII2;H9GXI9;Q5QNQ1;F1Q6C5;F1QCB2;F1QAQ7;E7F951;F1R0N6;F6NTE6;F1QZQ9;Q5QNN1;E7FD73;Q7SZP9;E7F1S1;F1QQ54;F1R2V9;F1QLJ0;A3KPR9;H9GYD6;A0PJR8;E7FEB1;H9GYT2;F1R0B0;F1R5V3;E9QDG0;E7F402;E7FEQ8;E7FGZ4;E7FDC7;E7F7S2;F1QLK8;E7FF02;Q6DG12;F1QU42;Q5QNN9;F1QI14;F1QSA8;F1Q681;A0T2N3;Q7T3Q3;F1Q8F2;Q9IB88;E7FG00;E7F335;F1R585;Q5RG93;Q4FE81;E7FBR2;F1Q955;B3DJ35;Q5RFY4;F1QLQ2;F1RB61;O57463;F1QXD7;F1R618;F1QD60;E7EZL2;F1Q9X5;F1QBF9;B0V1K7;E7F7V7;Q5RI92;A0A0A0MPL9;F1QUT7;F1QFH6;F1R035;Q7ZTA3;F1R0N3;F1QYR6;F1QCV6;E7F3Y9;H9GZ26;F1QZ18;F1QPR0;F1QIS4;Q1LVD8;E7F6G4,Q29ST4;F1Q955,A0A024R2X7;A0A024R3C5;A0A024R638;A0A024R7M9;A0A024RAH7;A0A0A0MQW8;A0A0B4J269;A0N0N3;A0N0Q1;P51686;P34969;O14804;Q8TDV5;P35408;P25101;P49146;P41595;P43119;F1DAM3;P33241;Q9UHM6;A4D2N2;P28566;O95665;Q38L21;P41597;P48146;X5DQM5;P30518;O43603;Q8TDU9;P35368;Q8TDV2;B2R9L7;Q1JUL4;P46663;P50052;B0ZBD3;P33032;Q969N4;P49683;Q15760;O43193;P34995;Q7Z601;Q96RJ0;Q15761;Q9HB89;O43194;P25021;P50391;P21918;Q15722;Q9NS66;Q9NYM4;P43088;Q5U003;P51677;P08100;G4XH61;Q96P66;G4XH66;P43115;P32245;H9NIL4;P47804;P04001;P30989;P30872;A4D0T8;Q92847;Q6U736;O15354;O60883;Q9Y5N1;O60755;P30968;B5B0C2;X5D2B0;Q9UBY5;P35372;Q9GZQ4;A4D0R8;Q969V1;P31391;P47211;P43116;P21731;F1DAM6;P29275;Q53YY0;P25106;Q8TDV0;Q9BZJ7;Q9UKP6;Q01718;B0ZBE0;Q5ZGX3;Q9H3N8;Q99705;P32239;P35346;P30939;Q9NSD7;P34981;O43613;P41146;X5D7H2;P50406;Q8IZ08;P41968;P08913;Q9NPC1;P04000;P30542;P28336;S4X0W3;H9NIL7;P30874;P61073;Q96P65;Q13639;F1DAM5;Q13258;P21917;P08588;Q5NUL3;P32247;Q6W5P4;P25929;B2R7M4;P47901;Q0PJU0;Q8TCW9;H9NIL9;Q9GZN0;X5D7I5;P28335;Q5VZX0;Q8NFJ6;X5D2G4;Q9Y5X5;S5TLS4;P41145;Q4W594;B5B0C1;Q9GZQ6;O14718;Q6DWJ6;X5DNB4;P32238;Q969F8;F2YGU0;Q9NQS5;A8KAG8;P35414;Q9H1Y3;Q9P1P5;Q96RI8;Q8NDV2;A8K1C4;A8K2F5;P28223;P41143,P35408;P49146;P41597;X5DQM5;P51677;P25106;X5DNB4,NONE,NONE,NONE,NONE
KOG3900,4,1,NONE,NONE,P92172;O16273;Q965N9,ZERO,O61643;A0A0B4LGA7;X2JB15;Q9V4E6;P07713;Q9VQG9,ZERO,F1QX69;Q1LWW7;F1R678;Q9W6I6;F1QAD6;F1QWZ4;F1QWZ9;A2BGK2;Q8QGE3;F1QD07;F1R5Z7;A8E7B8;B0S7E0;Q68IN2;H9GX70;F1R1F5;O93369;P35621;F1QQN8;B8A5X9;O42222;P85857;Q1LYE4;F1R741;E7FDP7;A2AVJ4;F8W4A6;Q32PR5;B0S4U4;B3DI86;P87358;F1QDD0;F1QA78;F1QXC6;Q9PTF9;Q8JFP9;F1QK08;F1QPH9;Q66I23;F1QDT8,ZERO,A0A024R3P5;A0A024R7N8;A0A024RB20;A4D1W7;A5YM40;A8K571;B4DXG3;C8C060;F1T0J1;M9VUD0;O75610;O95393;O95972;P01137;P03971;P05111;P09529;P12645;P22004;P34820;P55103;P55107;P58166;P61812;Q9NR23;Q53S46;Q9UK05;Q53XC5;Q96S42;Q6KF10;Q99988;Q7Z5Y6;Q7Z4P5,O95393;P01137;P61812;Q96S42,NONE,NONE,NONE,NONE
KOG0849,4,1,NONE,NONE,Q20551;O01996;Q19677;G5ED66;Q21972;G5EDS1,G5EDS1,P06601;Q3YNB0;O77238;M9PFA4;P09083;O96791;P09082,ZERO,C0M005;A0JPE5;O57416;Q1RM27;E7F0A6;F1R840;F1Q9S0;F1R2Z1;F1QLC9;F1R7K6;Q5TYX1;Q9YHZ8;I3IT91,ZERO,A0A024R3T7;A6NLW8;P23759;C3U3A0;O43316;F1T0F8;P23760,ZERO,NONE,NONE,NONE,NONE
KOG3573,4,1,NONE,NONE,G5ECW5;G5EBM1;P42573;O62520;G5ECY5,ZERO,Q7KHK9;Q9NHF9;O01382;Q9XYF4;X2JHT0;O02002;Q9NBW3,ZERO,Q4U0E2;F1R234;E7F2V8;F1R706;B0V1H3;E7FEH9;F1QBU9;F1R2P5;E7F2N9;E7F386;B8A526;B8JK21;F1QQS7;B0V1H4;F1Q7K7;E7EXV8;Q504J1;A2BGE2;F1R5C3;F1QSB1;F1QLH0;Q9I9L7;E9QGI8;F1QBG0;F1RDX7,ZERO,A0A024R3Z7;A0A0A0MRL7;B1AKZ4;P0CB46;P29466;P42574;P42575;P49662;P51878;P55211;P55212;P57730;Q14790;Q5XLA6;Q5EG05;Q92851;Q6UXS9;Q9Y2G2,P42574;Q14790,NONE,NONE,NONE,NONE
KOG0516,4,3,NONE,NONE,Q19011;Q9N4M4;Q965L0;G5EDD3,G5EDD3,Q7KAJ2;M9MRD1,ZERO,E7EZ30;E7F8G7;E9QCV2;E9QFS3;F1Q5Y7;F1Q6N7;F1QAU9;F1QC38;F1QPW1;F1QR57;F1QVC9;F1RA97;F1RBA4;F1RD27;F1RDQ8;I3ISA6;H9GYZ0,I3ISA6,A0A075B730;A8MZ36;Q96JQ2;Q6ZMZ3;Q15149;Q9UPN3;Q8NF91;Q8WXH0,Q9UPN3,NONE,NONE,NONE,NONE
KOG2133,4,1,NONE,NONE,Q09228,Q09228,M9NDL9,ZERO,E7FCG5;F6PDP0;E7F226,ZERO,A0A024R4E9;P54259,ZERO,NONE,NONE,NONE,NONE
KOG3627,4,1,NONE,NONE,O01566;O01771;Q6AHP9;Q17800;P91484;Q9N3T6;O45421;O76654;O76652;O76653;O76649;Q23528;H2KYV6,ZERO,Q8SZG4;Q9VPN7;Q9VPN8;A0A0B4LH73;Q9VRS9;Q9VRD1;Q9VRD0;A1ZA34;Q7JRM2;Q5U142;Q2PDW5;Q9VGB8;Q9VET2;A0A0B4KGQ4;Q9VFW0;P98159;Q9VEM9;Q9VEM6;Q9VEM5;Q8INA0;Q9VKA8;A0A0B4K687;A1ZBU1;Q9W0Z7;Q4V3U8;Q9W453;Q8IRR3;Q9W454;Q9VBG5;E1JIW3;Q9VJD7;Q9VL01;Q9VWU1;Q8SXE1;Q9VRS3;Q9VRU0;A1ZA39;A1ZAG9;Q8MS70;Q9VEN0;Q9VEM8;Q9VUG2;Q9I7V4;Q9W2C8;Q9VQ98;Q9VQA0;Q0KI07;Q5ELM0;Q7KT83;Q9VA66;Q4V653;Q9VW19;Q9VAG3;P17207;A1Z7M4;Q7KT84;Q8IQ51;Q9VT15;Q95SN8;Q9I7I3;Q8T4B1;Q8MR95;Q9VB66;Q9VQH9;Q0E8E2;Q8T429;Q9VP95;Q9VAT8;Q95SL6;Q9VK10;Q9VA88;A0A0B4LHW2;A1ZA38;O62589;Q9VHF8;Q9VHF7;Q9VQ97;Q9VVT3;Q95SU8;Q9VS71;P17205;Q8SXD9;Q9VGC0;Q9VDU8;Q9VS86;Q9Y157;Q7K2L4;Q8IRK6;Q8SYS8;Q24019;A1ZAG8;Q24110;Q9VTV2;A0A0B4JCS5;A1Z7D2;A1Z7D1;Q9W174;A0A0B4KGH9;A1Z8J8;P35005;P04814;P42278;P42279;Q5BI60;Q8SZ60;Q9VAQ2;Q8IH38;Q9VAQ3;A8JR43;Q9I7I1;Q9VSJ1;Q7KT73;Q7KT71;A0A0B4K7A9;Q9VQH8;Q7JX43;A1Z7H8;Q9VQA4;Q9VKA9;Q8IPY7;A8JUP7;A8JRE8;Q8SZU3;Q9V3J7;Q9VCJ9;Q9VVI4;B7Z091;Q9W314;A8JRF1;Q9VEM7;Q8MLV8;Q8IRK5;Q8IGJ1;Q9VAX6;A8JNS0;Q9VQ75;Q9VGA5;Q4V532;Q9VT24;Q9VT23;Q9VT25;A8JRF0;Q9VZT0;Q8IRE2;Q8IRE0;Q9VGB9;Q9VWD8;Q86B58;Q9VK00;P42280;Q9VFM0;Q8ING0;Q9VFL9;Q8T4A8;O76898;Q8T9D0;A1Z8J7;Q9VJZ8;Q8MLT0;Q9Y122;Q95SI6;Q9W1W5;Q9VXP8;Q9VUF0;Q8IQ10;Q9VS87;A1ZA44;Q9W2G1;Q7K1E3;Q8SXG6;Q8IRB8;Q7K3Y1;Q7K5M0;Q4V3S6;Q8SY35;Q9VQ99;A0A0B4JCV5;Q9VEA0;Q9VXC8;Q9VXC7;O76920;Q7JZK6;A1Z7M5;Q8INA1;Q9VCJ8;A0A0B4LH86;A8JPF3;A1ZA51;Q8MR67;Q8IN70;Q9VRT1;A1ZA42;A1ZA64;Q9VZS9;Q8IRE1;Q7KSK1;Q7KVM3;Q8IQ79;A1Z7C5;Q8MLV9;Q8IP30;Q8MSK6;Q8SX54;Q9VXC5;P42276;P52905;A0A0B4LF52;Q7JPN9;Q7JYN3;Q9VRS5;Q9VRS7;Q95RS6;Q8IN51;Q7KVM8;Q8IQ89;Q9W586;Q9VJD6;Q8MS90;B7Z0L3;Q9VFL7;Q9VA67;Q9VMX9;Q86P28;A1ZA41;Q8MR00;Q9VRS8;Q9VXC9;A8DYG0;Q4V4V0;Q9VVX9;Q4V5J3;Q9VLF5;Q9VVV0,ZERO,Q6DGW4;F1R4D1;F1Q817;E7F9E2;F1QTV8;F1QTV7;F1QFT0;Q1LUQ5;G1K2P6;A3KPY8;F1QV82;Q561U4;F1RER3;F1R615;F1R612;E7FAW1;F1R023;E7EY35;F1QJG3;F1Q925;A2VD37;A5PF55;F1R196;Q4V9I6;Q1LUR2;F1RC51;F1Q5Q0;F1QHZ9;F1QE83;F1R6L0;E7FGN9;F8W4J1;E9QFN9;F1R5X3;F1QM78;F1Q5D3;A8WIQ5;F1Q657;E7F1L5;Q66HW9;F1Q9Z9;F1QU14;F1QLR0;E7F463;F1QM63;F1QGL6;F1QXD8;F1QY57;A8WIQ2;F1QUI4;F1QMG9;E9QCA1;F1Q7H9;F1Q5S2;F1R6S4;E7F8R9;F1RAJ7;Q6DBS8;F1R5I1;F1QRL1;A5PMY0;E7F9A6;E7FDG4;E7FCR3;F1QLS3;E7FDS3;H9GXB4;A8WIQ4;H9GXL1;F1QV56;F8W5P2;F6P306;E7F8P5;F1QIC5;A5PKM4;F1QHB3;Q4QRH5;A8DZF9;E9QD93;Q6DHC9;A5D6S2;F1Q9E1;E7F5N1;E7F2C1;B0UXG9;F1R4J0;E7FCZ0;F1RAS3;F1R1L4;F1QJ90;F1R1X9;F1R494;A8DZG9;A2CET7;Q6AZC0;F8W3C3;E9QF25;F1R797;F1QVD1;A2BGP5;F1QM24;F1QS72;H9GX51;E7F1J3;F1R2W4;F1QJB3;F1QZU6;F1QPH1;F1QP91;E7FFN1;E7F3X2;F1R886;F1R8Y5;F1R545;F1QX88;F1RCU3;E7FDP9;A2BGB9;F1RBG3;F1QAL8;E9QD17;A3KPY7;F1QB78,ZERO,A0A024R4G4;A0A024R4H6;A0A024R4J4;A0A024R4J8;A0A024R4M6;A0A024R6Z5;A0A0A0MR61;A0A0A0MR82;A0A0C4DFQ5;A0A0G2JH38;A1L453;A4D1T9;B4E1Z4;B9A030;B9A039;E5RG02;E9PRA0;O00187;O15393;O43240;O60235;O60259;P00738;P00739;P00746;P00748;P00750;P00751;P03951;P03952;P05156;P05981;P06870;P07477;P08217;P08218;P08246;P08311;P08861;P09093;P09871;P10144;P10323;P12544;P17538;P20160;P20718;P22891;P23946;P24158;P35030;P48740;P49863;P51124;P56730;P57727;P98073;Q04756;Q14520;Q15661;Q16651;Q2L4Q9;Q2XQG6;Q546G3;Q5JP69;Q5K4E3;Q6ZWK6;Q7Z5A4;Q8NF86;Q9UI38;Q6UWB4;Q9UBX7;Q86T26;Q9NZP8;Q9Y6M0;Q86WS5;Q6PEW0;Q7RTY8;Q9H2R5;Q7RTY5;Q7Z410;Q9UL52;Q99895;Q7RTY3;Q6GPI1;Q8IYP2;Q9UKR3;Q9NRR2;Q9H3S3;Q8IU80;Q7RTY7;Q9UKR0;Q9BQR3;Q9UNI1;Q9NRS4;Q9BZJ3;Q9GZN4;Q9Y5Y6,P20160;Q14520,NONE,NONE,NONE,NONE
KOG3577,4,2,NONE,NONE,Q9N532,ZERO,Q9W3H0;A1Z709;A8JUT5;Q9NBW1;M9PFW3;P18537;P91682,P18537,A0JBX4;A3KNP6;A3QK10;B0S5E7;B0S6S2;B3DIG4;E7F535;E7F8L2;F1Q8N1;F1QBI2;F1QCT7;F1QDD6;F1QJG6;F1QJQ3;F1QRG7;F1R1X6;F1R238;Q504J9;Q5RH73;Q5TZ38;Q6NV44;Q7T2K9;Q8QFM3;Q9W6E3;Q9W6E0;Q9YI00,ZERO,Q9Y5Q5;A0A024R9E9;D9ZGF6;Q5T4F7;O00144;Q9BY79;Q9NPG1;Q9UP38;Q9ULV1;Q99835;Q9H461;Q14332;Q96HF1;Q13467;O75084;Q9ULW2;Q6FHJ7;Q8N474,Q9ULV1;Q9H461;Q96HF1;Q13467;O75084;Q8N474,NONE,NONE,NONE,NONE
KOG3544,4,1,NONE,NONE,P17656;O01662;Q7Z152;O01860;Q21039;Q9N3D7;Q20739;Q20744;Q20927;Q22537;G5ECU6;Q1EPL5;P17657;P18835;Q22260;Q19592;O02271;Q17402;Q86NE4;O44796;P34391;Q18536;P18833;O17209;O01904;Q20091;Q23628;Q9NA83;O61525;P34804;P91274;Q21047;Q9XUE9;P18832;Q93207;Q93208;Q19368;Q09578;Q18620;O17036;Q22183;Q9GYP3;G5EEB6;Q22651;Q17417;Q17418;Q21184;Q9N3X9;O17686;O44173;Q18345;Q17460;Q17458;Q17459;O17035;O17038;Q22256;Q9U2P5;Q17939;G5ED38;Q23422;Q23222;O01699;Q19514;O18097;Q19218;Q19079;Q9N4U2;Q20754;Q18480;P34340;O17734;Q19528;Q9TZ57;P91250;P91248;P91249;Q19979;Q09455;Q09456;Q09233;Q21855;Q18799;Q9U336;Q22380;Q86NE3;Q86NE2;Q18327;Q7YXA3;P20784;Q9GYS2;Q22393;Q8MXR1;O62432;Q86MP2;Q86MP1;A3QM98;Q9NAQ4;Q19050;Q9U349;Q9XVG3;Q9U348;Q20136;Q20135;Q19111;O44989;O01873;Q21562;Q9XWR2;Q18975;Q9GZF7;Q9XUT4;Q20282;Q20805;O17641;O17642;Q21437;Q94399;Q3S1L5;Q23263;O17805;Q95Y22;Q20270;P34687;O45114;A5JYR8;O76368;H2L0P1;Q86S35;Q23150;P18831;P18834;G4SNP7;Q9XVY1;P08124;Q19813;P17139,ZERO,Q8IGN3;Q9VRM2;A0A0B4JDA4;X2JGC3;P08120;Q9U617;Q9VMV5;Q7JVE9;A8DQW8,ZERO,F1QAB3;F1RA14;F1QJC9;F1Q6P3;B0UXF7;F1R5V4;F8W5B3;F1RCT5;F1QP85;Q6IQX2;B5DC62;F1QDL1;F1R9Y1;E7EXU0;B8A4T6;F1Q9W0;Q1LYI5;H9GYP5;F1RCW2;F6NRG0;F1QYN1;F1QF07;F1QKE8;F1QJ37;F1Q5Q9;F1R7W0;F1QTQ2;F1Q924;F1R0N1;F1R291;F1R4X4;E7FCI4;E7FB02;F1Q5U3;F1R996;E7F5A1;E7FE47;E7FG81;F1QG79;D6MUD3;E7FCF1;H9GY81;E7FA40;F1QKL2;Q2LDA1;F1QKQ2;E7FEN9;F1Q593;F1QW09;A2RUX5;F1R407;F1RB44;E7FCV8,ZERO,Q8NFW1;Q05707;Q6PCB0;A0A024R8E5;A0A024RDW8;A0A0C4DFS1;A0A0G2JL35;A6NMZ7;D9ZGF2;E9PAL5;Q14055;P53420;Q8IZC6;P25940;Q02388;P02458;P20849;Q9BXS0;Q01955;P05997;P02452;Q9UMD9;Q9Y215;Q07092;P08123;Q14031;P29400;P12109;P13942;Q4VXY6;Q86Y22;P02461;P02462;Q9P218;P12107;Q14050;Q17RW2,Q05707;A6NMZ7;P25940;Q02388;Q01955;P02452;Q9UMD9;Q07092;Q14031;P12109;P02461,NONE,NONE,NONE,NONE
KOG3842,4,1,NONE,NONE,Q22967,ZERO,O77237,ZERO,E7F7M5;Q6DHJ8;E7F5S3;E7F8I1;A4QN36,ZERO,A0A024R5B1;Q53T26;Q9HAT8,Q53T26,NONE,NONE,NONE,NONE
KOG3910,4,1,NONE,NONE,G5EEG9,ZERO,C8VV95,ZERO,E7F8E9;F1R3L1;E7F0Y8;E9QDA6;B1H1L4,ZERO,A0A024R5Z0;P15923;P15884,P15923,NONE,NONE,NONE,NONE
KOG4193,4,2,NONE,NONE,G5EDW2;G5ECX0,ZERO,Q9V818;Q9VRN2;Q9V817;Q8SZ78;O97148;Q9VXD9;Q9VA10,ZERO,E9QDD1;F1Q8Q7;F1RE78;F1Q9X0;E7F1E5;E9QE64;E7F684;F1QRY6;E7F2K6;E7FF72;Q5RHM3;H9GXH9;F1QNE5;E7FAH1;F1QAE5;F1QNG9;E7F1D8;H9GYM6;E7FBM1;E7F313;F1R9B1;E7F4F2;F1QD99;E7F8Z4;F1QZM9;E7F287;F1QM06;E7FEJ2;E7F434;F1QCG6;E7FD86;E7FED0;F6P8B5;H9GYD0;E7FEZ8;E7F2T1;E7F6M1;F1QZ73;H9GZ48;E7FEK5;E7F1G3;F1QW35;F1R3D8;F1R5S5,F1RE78,A0A024R6S3;Q5T601;Q7Z7M1;Q9HBW9;Q8IZP9;Q96K78;Q75N90;Q8IZF3;Q8IZF6;Q8IZF2;Q9BY15;Q6QNK2;P48960;Q86Y34;Q8IZF5;Q14246;Q9UHX3;Q8IZF7,P48960;Q14246;Q9UHX3,NONE,NONE,NONE,NONE
KOG4729,4,2,NONE,NONE,Q9XU98,ZERO,A0A0B4KEF5,ZERO,E7F0W8;F1Q9V2;F1QAS7;F1QPV2;A3KQ75;A3KQV6;A8HAI9;F1R0Y8;E7EZV4;A3KQ74;F1R4T8;A3KGY2;H0WEG1;F1QIR8;F1QW66;H0WED7;A3KQ78;E7FBX5;F1Q576;F1R863;E7F5K7;F1QP30;H0WF65;H0WEG6;A3KQ79;E9QHT6;E9QCA5;F1QBU2;F1QL37;E9QJP3;H0WEB6;E9QGP7;E9QCY1,F1Q9V2,Q9HAR2;O94910;O95490;P58658,Q9HAR2;O94910,NONE,NONE,NONE,NONE
KOG3714,4,2,NONE,NONE,D7SFI5;O16977;O17264;O62243;P55113;P55114;P91137;P91828;P98060;P98061;Q18206;Q18439;Q19269;Q20176;Q20191;Q20459;Q20911;Q20942;Q20958;Q21059;Q21178;Q21179;Q21180;Q21181;Q21252;Q21388;Q21432;Q22396;Q22398;Q22401;Q7JLI1;Q7Z0M7;Q93243;Q9N2V2;Q9XTD6;Q9U3S9;Q93542;Q9N5R0;Q966D9,ZERO,A0A0B4K600;P25723;Q24132;Q9VFD6;Q8T4G4;Q9VTP0;Q9V3M3;Q9V402;Q9V421;Q9V3R0;Q9VJN9;Q9VC98;Q9VWR6;Q9V445;Q9VCN5,ZERO,B0UY56;B3DHE9;B3DKP9;B8JKC0;E7F0X0;E7FAQ0;E7FDT4;F1Q845;F1Q8H8;F1QL06;F1QPG2;F1R8B6;F1RBT4;F1REM3;F1REP3;O57460;Q1LW00;Q1LW01,B0UY56,Q86SQ4;Q16820;O60494;Q16819;P13497;Q6HA08;Q9Y6L7;O43897,Q6HA08,NONE,NONE,NONE,NONE
KOG0904,4,2,NONE,NONE,Q94125,ZERO,P91634,ZERO,F1QAD7;E7F251;F1RCE2;F1QVE6;H9GXW8;F1RB17,F1QVE6,A0A024R720;P42338;P42336;O00329,P42338;P42336;O00329,NONE,NONE,NONE,NONE
KOG3882,4,1,NONE,NONE,Q9NET3;Q17526;P34285;Q9XVM9;H2KYX1;Q17441;Q18177;Q9XVI4;Q5WRN1;Q20707;Q22495;Q19083;O62466;Q19983;B3WFU6;Q22722;H2L006;Q9U2K6;Q95QY8,ZERO,M9PDV2;Q9VGV3;Q9VB99;A1Z6U3;Q8SXU7;Q86NW7;Q7K010;Q9NB12;O46101;Q9VID1;Q8IQ78;Q9VKF3;Q9UAI4;A1Z6U7;A1Z6U8;Q9U1L0;Q7KJ73;Q9VLH1;Q9VLH0;Q7K2V7;Q7K1I4;A1Z8K7;Q9NB13;Q7JWV7;Q7K3Z2;Q7K527;A0A0B4KF78;Q1EC46;Q7JZW7;Q9V3E5;Q9V3X2;M9NCS1;Q7JYY8;Q1ECC3;Q7JZI2,ZERO,Q66HW7;Q5RGQ1;B8JL23;Q1RLU3;Q7SXT2;F1QR74;F1Q6P4;E7F4U2;F1QPR8;E9QBC5;F1Q617;Q1L9G6;F1Q8X4;Q7T2E0;Q503H8;B0VEQ2;Q6AZB9;F1QS29;A9JRF5;Q6PBN3;F1Q9T6;A2BIP5;A3KQ62;Q6P2T9;B0QZZ6;Q5XJD1;E7FGF0;F1QUY1;Q5RH71;E7F2G5;Q6DG37;F1QFI5;A7MCC5;Q0P3Z7;E9QH97;Q6NWG0;E7FE95;F1QI47;A3KQH0;Q6PFU1;E7FDH1;Q1LWF8;F1R4E0;Q6GMK6;F1QPT2;Q7T2G0;Q6NYK2;Q6DHQ4;Q7T376;Q7ZUB3,ZERO,A0A024R740;A0A024RB05;A0A024RCB3;A0A024RCB7;A0A024RCE1;A1L157;B4E171;J3KNG2;O00322;O43657;O60635;O60636;O60637;O75841;O75954;O95858;P0C672;P11049;P19075;P19397;P21926;P23942;P27701;P41732;P62079;Q03395;Q12999;Q6FGK0;Q8NG11;Q96SJ8;Q9UKR8,A0A024RCB3;P21926;P23942;Q03395,NONE,NONE,NONE,NONE
KOG0197,4,2,NONE,NONE,O45539;Q9N3S5;P03949,ZERO,Q24592;X2JCI2;M9PCD8,ZERO,E7F063;F1QWX8;E7FAC6;E7F1M5;B0V237;A5WWJ6;Q08BY6;E7FDC6;E7FGW7;E7F6R7;A0JMN4;B3DHT0;B0UXN7;Q1RLY5;E7F6J3;Q6EWH2;F1R4V1;E7F4S0;A1A5H8;F1R5C7;F1RDG9;Q5TYU7;F1R1F7;F1R3M1;E7F0I7;F1QPM9;Q66I04;H9GYF2;Q1JPZ3,B0V237;E7FGW7;Q1RLY5;Q6EWH2;F1R5C7;F1RDG9;F1R3M1;Q66I04;Q1JPZ3,A0A024R7E4;A0A024R7M7;B2R6Q4;J3KPD6;P42680;P42681;O60674;P42679;P07948;P42684;P07947;Q9H3Y6;Q13882;Q08881;P23458;P00519;P51813;P12931;P51451;Q06187;P09769;P06241;P06239,A0A024R7M7;P42681;O60674;P07948;P42684;P07947;Q08881;P00519;P51813;P12931;P51451;P06241;P06239,NONE,NONE,NONE,NONE
KOG0200,4,3,NONE,NONE,Q21038;Q21868;Q23677;Q19238;O76385;O76697;Q9TZ79;Q10656;Q21041;Q95ZK1;Q10915;O18008;O76695;G5ED65;O17955;Q21046;O18174;Q9XX42;Q9N4T2;O17408;Q21867;Q17833;Q23136;Q95XJ7;P34891;H2KZN4,ZERO,Q09147;Q07407;Q8IQ00;Q9VZA8;Q8IPG1;P83097;M9PBI3;Q9VBW3,Q9VBW3,F1QL49;B8A5K6;Q7SX76;E7FFW1;A0A0H2UKE7;F1QNY7;Q5GIT4;F1QK34;G1K2H0;G8JL11;E7F4F6;E9QCV8;F1Q614;B3DJR6;F1RBS5;F1QPA0;F1RC45;F1REM2;E7F1P1;E7FGQ0;F1QZR6;A8E7C6;B3DKP1;G1K2P2;B7ZVT9;F1R532;F1QHI8;Q5K373,G1K2H0;A8E7C6,A0A024R7T2;A0A024RD88;A0A024RDA0;L7RSL3;P07333;P09619;P11362;P16234;P21802;P22455;P22607;P35590;P35916;P36888;Q02763;Q15198;Q6J9G0;Q8N441,A0A024R7T2;A0A024RDA0;P16234;P36888;Q02763;Q8N441,NONE,NONE,NONE,NONE
KOG1218,4,1,NONE,NONE,G5EFX3;Q9XWD6;Q9XV23;P45442;Q9GS08;Q20997;Q95QP8;Q8WSN8;O45602;O45203;Q18805;Q20971;P41951;Q19480;O45201;Q7YXD2,ZERO,Q9VJU6;Q9VJU9;Q9VJU2;M9PBB4;Q7KTA1;Q86BL2;Q9VY49;D0IQL4;Q9W0Y0;Q2PDU0;Q9VJU8,ZERO,B8JIZ2;E7F0U7;E7FB60;E7FFP9;E9QJQ6;F1Q4V3;F1QA70;F1QKG9;F1QTI6;F1RBK0;F1REI7;H9GXZ9,ZERO,A6BM72;Q9UBU2;O75095;Q96KG7;Q5VY43;P98066;Q14162,A6BM72;Q96KG7;P98066;Q14162,NONE,NONE,NONE,NONE
KOG1219,4,4,NONE,NONE,P34616;Q19319,P34616;Q19319,Q9VJB6;Q8IGX4;X2JCN4;P33450;O15943;Q24298;Q24292,Q9VJB6;P33450;O15943;Q24298;Q24292,E7FA99;F1R256;E7F8B9;E7F527;F1QUS2;E7FD89;F1QA09;E7EYB3;E7F5G9;F1QK15;F1QGX1;A2BGT8;E7F284;F1QYA0;E7F0F3;E7EZU6;F1QFY6;E7FEK7;E7F4C5;E7FB42,F1R256;E7F527;F1QUS2;F1QA09;F1QGX1;A2BGT8;E7F284;F1QYA0;E7FB42,A0A024RD55;A0A096LNH0;Q6V0I7;Q14517;Q9NYQ8;Q9H251;Q96JQ0,A0A096LNH0;Q6V0I7;Q14517;Q9NYQ8;Q9H251;Q96JQ0,NONE,NONE,NONE,NONE
KOG4433,4,1,NONE,NONE,Q20332,ZERO,M9PI39;M9PGE0,ZERO,F1QK78;F1QRI8;E7F9S8;F1QZT2;E7F5H4,ZERO,A0A024R816;Q9H313;Q9BSA4,Q9H313,NONE,NONE,NONE,NONE
KOG4651,4,1,NONE,NONE,O16902;Q9XV37;Q9GS12;H2L059;O17104;Q86D14;O61952;Q09272;Q9XUV6;O16449;O45581;Q9N5U3;Q93792;G5EEN0;Q18079;Q18078;O45177;O44721;O76655;O45376;Q7YXB5;Q9XVA5;Q5FC32;Q9XVF9,ZERO,Q9VJG5;Q9VMS3,ZERO,B3DFJ6;E7FF04;E9QCR1;E7F110;F1QKX1;Q805E5;F1REH7;E7EXM4;F1RAR4;F1QMN0;Q6AXM1;E9QBV9;F1REP6,ZERO,A0A024R860;A0A024RBL0;A0A0A0MQX9;Q8NCH0;Q8NET6;O43529;Q9H2A9,O43529,NONE,NONE,NONE,NONE
KOG3161,4,1,NONE,NONE,O45962,ZERO,Q9VV48,ZERO,F1Q4N1;Q1LV60;A8DZI0,ZERO,A0A024R899;Q5TC82,A0A024R899;Q5TC82,NONE,NONE,NONE,NONE
KOG4295,4,1,NONE,NONE,A0A9S1;A0PCJ1;B9WRT9;C0Z3L5;Q21081;Q11101;Q9UAZ2;Q20008;Q20014;Q19021;O44621;Q7YTR8;Q94163;Q94164;Q17457;O62247;Q8WQC6;Q22685;F8Y417;Q4R127;Q95X61;Q21418;Q09983;Q9U350;Q9U211;O16784;O17644;Q7JKQ3;Q03610;O62504;G5EBJ3;Q18761;Q23354;Q23456;Q20010,ZERO,E1JHS4;Q9VQT8;Q9VQT9;Q9VQU0;Q9VQT5;Q9VQT6;Q4V621;M9NDD9;Q4V608;M9NFN0;Q9VQT7;Q9VQT1;Q4V4A5,ZERO,A7E2Q2;B0S6C1;E7EYN3;F1QD77;F1QEV7;F1QXZ6;Q1LYP0;Q1WCN6,ZERO,P49223;O43278;O43291;O95925;Q9BQY6;K7EKZ2;P02760;Q6UDR6;P48307;Q8IUA0;P10646,O43291;P02760,NONE,NONE,NONE,NONE
KOG3546,3,3,NONE,NONE,G5EGA4,G5EGA4,NONE,NONE,B0S8G4;F1QM25;F1R8Z2;F8W3T3,B0S8G4;F1QM25,P39059;P39060,P39059;P39060,NONE,NONE,NONE,NONE
KOG4291,4,2,NONE,NONE,Q21874;Q93791;P34501;Q20762,Q21874;Q93791;P34501;Q20762,A0A0B4LHZ4,ZERO,A4VCF1;E7EY88;E7F2B7;E7F474;E7F970;E7FEJ9;E7FF18;F1Q9Q3;F1QA89;F1QEH8;F1QIG7;F1QKM8;F1QVB7;F1R055;F1R1G7;F1R4D7;F1RDF5,E7EY88;E7F2B7;E7F474;E7F970;F1QEH8;F1R055;F1R4D7;F1RDF5,Q9UGT4,ZERO,NONE,NONE,NONE,NONE
KOG1216,4,2,NONE,NONE,Q22886;Q9XTQ9,ZERO,Q8SXY5;Q8T9J3;Q9VU94,ZERO,E7F2A5;F1QK57;B6IDE3;E7EZ54;E7FDM6;F1Q4S4;F1Q521;F1Q539;F1Q752;F1Q7R5;F1QCY9;F1QS73;F1R6W5;F8W399;H9GX97;H9GXC7;H9GXI4;H9GXK7;H9GXK8;H9GXT2;H9GY19;H9GYR5;H9GZ30,E7F2A5;F1QK57,O75443;A0A0A0MSS2;Q6W4X9;Q9HC84,O75443,NONE,NONE,NONE,NONE
KOG2579,4,1,NONE,NONE,G5EDT4,ZERO,A0A0B4K7T3;A1Z7G6;A8QHX1;B7Z0B3;E1JGS1;Q9W301;Q9VF34;Q9VX04;Q9VW70;M9PHH5;Q95SM8;Q9VME7;P21520,ZERO,A2CF37;A5PMA3;B0S6K5;B0UX68;B0UXH5;B8A5L6;E7EXE8;E7EZJ2;E7FBT1;E7FC76;E7FCD4;E7FCG4;E7FEA5;E9QC51;E9QJ82;F1QCW2;F1QG23;F1QJP8;F1QMJ6;F1QPI0;F1QQH9;F1QSM4;F1QUC4;F1QVU9;F1QWC0;F1QWC1;F1QWC8;F1QYE2;F1QYL5;F1QZC5;F1R2V2;F1R707;F1R7K7;F1RA44;F8W539;K7DY96;Q5RH53;Q1MT43;Q7ZVG7;Q5TYU3;Q6NYE1;Q4LES0;Q1LWR7,ZERO,A0A024QZ34;A0A024R7A9;A0A024R868;A0A024R908;A0A0A6YY94;A4D1B8;O43827;Q15389;P02671;O15123;Q9Y5C1;Q9Y264;O00602;Q15485;Q9BY76;P22105;O75636;P24821;P02679;Q86XS5;V9HVY1;Q92752;Q8N539,A0A0A6YY94;Q15389;P02671;O15123;Q9Y5C1;P22105;P24821;P02679;Q92752,NONE,NONE,NONE,NONE
KOG3509,4,1,NONE,NONE,Q06561;Q9TYU4,ZERO,Q9NGV2,ZERO,A0A0B4J1A7;E7EZZ1;E7F840;F1QR09;F1R074;F1RCP6,ZERO,Q63HQ2;P98160,Q63HQ2,NONE,NONE,NONE,NONE
KOG1226,4,3,NONE,NONE,Q27874;Q9GYK2,Q27874,Q3YNE6;X2JE30,ZERO,F1QG85;F1QGX0;B3DIP9;B0S6X9;F1Q8F0;F1R5C6;E7F4H9;F1RA51;F1QUS4;F8W3S8;E7FCN5;F1QF91;Q19U09,F1QG85;F1QGX0;B3DIP9;F1Q8F0;F1R5C6;E7F4H9;F1RA51;F1QUS4;F8W3S8;E7FCN5;F1QF91;Q19U09,A0A024R8T0;A0A024RDW7;L7RT22;P18564;P26010;P26012;P05556;H3BM21;P05107,A0A024R8T0;L7RT22;P18564;P26010;P26012;P05556;H3BM21;P05107,NONE,NONE,NONE,NONE
KOG3510,4,3,NONE,NONE,O62118;Q18806,ZERO,A4IJ70;Q9VGD0;P15364;Q9VGD2;Q8MRE6;Q59E13;Q961T8;Q8MS24;Q9VMN9;Q8SXJ2;Q4QQ69;Q9W258;M9MSH3;Q08180;Q9W4T9;Q4V3F0;Q9VMN6;Q9VKX8;M9PCI8;M9PEK5,P15364;Q08180,B0CM22;B3DHL7;E7F2F2;E7F419;E7F4R3;E7F7R4;E7FGK4;F1Q4W9;F1QAC7;F1QC95;F1QIV2;F1QTQ5;F1QXA6;F1RAC0;F1RCZ6;H9GY97;Q53CM6;Q6NY23,E7F7R4;F1QIV2,O95428;Q96J84;Q6UWL6;Q9UPX0;Q7Z5N4;Q8IZU9,Q96J84;Q6UWL6;Q9UPX0;Q7Z5N4,NONE,NONE,NONE,NONE
KOG1094,4,1,NONE,NONE,Q95ZV7;Q18163,ZERO,A8DYR2,ZERO,E7FFT8;E7F3X9;F6NI62;F8W614,ZERO,A0A024R906;A0A024RCL1;A0A0G2JHK4;Q08345,Q08345,NONE,NONE,NONE,NONE
KOG3804,4,2,NONE,NONE,G5EC57,ZERO,Q01842;E2QCT0,Q01842,E7F5K8;F8W364;F1Q8H4;E7F1J0;Q29R87;Q68EH3;F1QN70,ZERO,A0A024R974;A0A024RDU6;Q99607;Q9NZC4;Q9UKW6;P41212;Q9Y603,Q99607,NONE,NONE,NONE,NONE
KOG0609,4,2,NONE,NONE,P91182;Q95XW5;Q17549;P54936,ZERO,A0A0B4KH39;B7YZF0;X2JIZ6;A1XXK1,ZERO,A5WV25;F1R2J9;F1QWI4;Q1LVF4;F1RDF1;E7F9L2;F1QKE3;F1QK58;E7FEN6;E7FC45;F1Q9P1;H9GXE2;E7F7X1;Q1LW94;E7F210;F1QG34,Q1LVF4,A0A024RA25;D3DX48;Q13368;Q8N3R9;O14936;Q00013;Q96JB8;Q5T2T1,O14936,NONE,NONE,NONE,NONE
KOG0033,4,0,NONE,NONE,G5EDZ5,ZERO,L0MLR4,ZERO,Q4V9P8;Q6DEH3;F1QGL7;E7F012;A2BGW3;F1QW17;E7F2G0,ZERO,A0A024RDK3;A4D2J9;A8K161;Q13555,ZERO,NONE,NONE,NONE,NONE
KOG0489,4,2,NONE,NONE,P17488;P17487;P10038;Q09602;P17486,P17488;P17486,Q4V5A3;P10181;V9GZB7;P07548;Q9U984;Q9VSC2;Q7KUL4;A2NUB8;P09089;A0A0B4K629;P29555;P31264;Q0IGT0;A4V2I1,ZERO,F1QMG2;O42370;Q503K0;E7FEH1;B3DHS2;Q1RMA3;B3DHZ4;Q9PWM3;Q8JH55;Q98SH9;F1Q4R9;Q5QHS3;Q6SYZ1;F1RBA3;B3DG99;Q68EH7;Q1LU90;B0S5Y5;B3DHA2;Q8QGU1;P22574;F1RAL1;P09014;F1QQN5;O42368;B3DHP5;Q90ZB2;F1RCJ6;Q8AWY9,ZERO,A0A024RA33;A0A024RB51;P49639;Q9GZZ0;P14651;Q00056;P17509;P09630;P50219;P52945;O43364;P31273;P14652;P31267;P20719;Q14549;P17483;Q9H4S2;Q00444;P09016;P09629;P50222;P50221;P17481;P14653;P31249;Q9BZM3;P09067;P52951;P13378;P31268,P31249;P31268,NONE,NONE,NONE,NONE
KOG4087,4,1,NONE,NONE,Q3V5J7;Q17790,ZERO,Q8IML0,ZERO,E7F3D8;A9C458;F1QH90;Q6DHQ7,ZERO,A0A024RA96;P04054;I6L893;P39877;Q9BZM2;Q9UNK4;Q9NZK7;O15496;J3KMZ3;Q02509,Q9UNK4,NONE,NONE,NONE,NONE
KOG3982,4,2,NONE,NONE,G5EFQ5,ZERO,R9PY33;X2JEJ3;Q9W349,ZERO,Q9DEA0;B3DKD9;F1QAL3;F1R9N8;F1QWW9,F1R9N8,A0A024RAH4;Q01196;Q13950,Q13950,NONE,NONE,NONE,NONE
KOG4304,4,1,NONE,NONE,G5EF76,ZERO,Q9VJ16;Q01069;Q9VWX7;Q26263;Q01071;Q01068;P13097;P13098;Q01070;Q7KM13;P14003,ZERO,Q8AXV6;Q9I9L0;E7F1P6;F1QU78;F1Q965;Q6QB00;F1QI81;B0V2G5;F1QJS9;Q6NY50;Q9DF41;A3KQ56;Q8AXV5;Q6W4T8;Q2PGD2;F1QMG5,ZERO,A0A024RAV8;A0A087WSW0;E9PB28;Q14469;Q6IB83;Q96HZ4;Q9NQ87;Q9UBP5;Q9Y5J3;Q9Y543,Q14469,NONE,NONE,NONE,NONE
KOG3776,4,4,NONE,NONE,Q19140;Q19344;G5EBM7;Q09606;Q11124,Q19140;Q19344;G5EBM7;Q09606;Q11124,A0A0B4KGL9;A4UZX7;Q9Y121;Q9VLU7;R9PY22;E1JI63;Q8SZV3;Q961K6;M9PCW1;Q9W0X1;Q8SYC3;Q961H6;Q9VJA7;Q8INY3,E1JI63,E7FB50;E7FAV6;F1QSM7;Q6DHC7,E7FB50;F1QSM7;Q6DHC7,A0A024RBS4;A0A024RDG6;A4D1B1,A0A024RBS4;A0A024RDG6;A4D1B1,NONE,NONE,NONE,NONE
KOG3594,4,4,NONE,NONE,Q5F4W0;Q19194;O62328;K8F801;Q5F4U0;Q21035;Q967F4,Q5F4W0;Q19194;O62328;K8F801;Q5F4U0;Q21035;Q967F4,Q9VEU1;Q9VBV6;Q9VAF5;Q9VGG5;A0A0B4K720,Q9VEU1;Q9VGG5,E7F5X0;E7F374;F1RBH1;F1QRP2;F1QXB1;E7EZJ8;E7F8C1;F1QWK1;F1QFT6;E7F5T8;E7FAC7;F1QEP0;F1QXA9;F1R7M0;F1R6G4;F1QUX6;B3DGG4;F1RCY9;F1QX77;F1QA99;F1QFP4;C4P342;E7FD60;F1QT48;F1QDP2;E7FDT9;F1QPZ9;E7FF57;F1QVE9;E7EZA3;F1QWS0;F1QXB8;F1QXB9;E7F719;F1QWR9;E7F3Q3;B0S5D7;F1QVF1;E7FBE3;F1R7G8;E7F721;F1QXC1;F1QTL2;E7EY61;F1RAY1;E7FGW5;F1QXU3;E7F8C3;F1QZH1;F8W2H5;F1QGU9;E7F4X6;F1QVL6;E7FG76;F1QIY1;F1RDE5;E7F4V1;Q5WN09;Q2MLR9;E9QIZ5;E7EZK5;E7FDU9;F1RD56;E7FEP4;E7FCK9;E7FH12;F1QU02;G1K2K2;F1QXC0;F1QXY7;F1QUV5;F1RAK2;F1RC90;F1RC91;F1QDE1;F1QAB8;E7F8V7;E7FAX2;F1RD91;F1R2H7;E7F061;F1R582;F1QV87;E7F9L6;E7EYG9;F1QWR6;F1QWR7;F1QWR8;F1QVI3;F1RC97;F8W505;F1QHH7;F1QGL4;F1REQ8;F1QUY9;E7FDU8;F1RE55;E7FGJ7;E7FA44;E7FC11;E7FAJ0;E7EYF4;Q6B3P0;F1QZ75;Q5ICW6;E7EZR7;E7FF20;F1QG37;F1REN7;F1Q862;E7F1W3;Q805F0;E7F0N8;F1R8V2;E7F4M6;F1QHA3;F1QFL8;F1RB16;F1RBC7;F1QNE9;F1R963;F1QHA0;E7F4G4;F1QSZ3;E7FAK6;F1QJ02;F1R614;F1QJN7;F1RCT6;G1K2E7;E7F005;F1QBW4;E7F3N7;E7F7W7;F1QSQ0;E7FAU6;F1R8D8;B0V236;F1R6D1;E7F163;E7F647;E7FGR4;F1QI98;E7EZW2;E7F9Y8;E7FBM5;E7FFD2;F1RD80;E7FE21;F1QF77;F1QG09;F1QPB9;E7F3F5;E7F5X1,E7F374;F1QRP2;F1QXB1;F1QWK1;F1QEP0;F1QXA9;F1R7M0;F1QUX6;B3DGG4;F1RCY9;F1QX77;F1QA99;C4P342;F1QDP2;E7FDT9;F1QPZ9;F1QVE9;F1QWS0;F1QXB8;E7F719;F1QWR9;B0S5D7;F1QVF1;E7FBE3;F1R7G8;E7F721;F1QXC1;E7EY61;F1QZH1;F8W2H5;F1QIY1;F1RDE5;Q5WN09;Q2MLR9;E9QIZ5;E7EZK5;E7FDU9;F1RD56;F1QU02;G1K2K2;F1QXC0;F1QXY7;F1QUV5;F1RC90;F1RC91;F1QAB8;F1R2H7;F1QV87;E7EYG9;F1QWR6;F1QWR7;F1QWR8;F1QVI3;F1RC97;F8W505;F1QGL4;F1REQ8;F1RE55;E7FGJ7;Q6B3P0;F1QZ75;Q5ICW6;F1QG37;F1Q862;E7F1W3;Q805F0;F1QHA3;F1QFL8;F1QNE9;F1R963;F1QHA0;E7F4G4;F1QSZ3;E7FAK6;F1QJ02;F1R614;F1RCT6;G1K2E7;F1QBW4;E7F3N7;E7F7W7;F1QSQ0;E7FAU6;F1R8D8;B0V236;F1R6D1;E7F163;E7FGR4;F1QI98;F1RD80;F1QF77;E7F5X1,A0A024RC42;A0A087WT05;A0A0A6YYA3;A2A3E7;Q14126;P55290;Q9Y5G1;Q9Y5H7;Q9Y5H4;Q9UN74;Q9BZA7;P55287;Q9Y5F2;Q9Y5I4;Q9Y5E3;Q13634;Q9NPG4;Q9Y5I0;Q9Y5G3;Q9Y5F7;Q9UN70;Q9UN71;P22223;X5D7N0;Q9Y5F0;Q9H159;Q6ZTQ4;Q9Y5E8;Q12864;Q14574;P12830;Q86UP0;Q9Y5I2;P55286;Q9H158;Q9ULB4;Q9HCL0;Q9Y5F8;Q9Y5F9;O14917;P55291;P55289;X5D999;Q9HBT6;X5D8X5;Q9Y5G2;O95206;Q9UN75;Q9Y5G6;Q9Y5E9;Q9UN67;Q9UN66;O60330;Q9Y5F6;Q9Y5F3;Q9Y5H3;Q9Y5H5;Q9UJ99;Q9Y5H1;Q9BZA8;Q9UN72;Q9Y5E7;Q9Y5E5;Q8IXH8;Q9Y5G4;O75309;Q9Y5H8;Q9Y5H0;Q9Y5I3;Q86SJ6;Q9Y5H9;Q9UN73;P33151;Q9Y5H6;Q8TAB3;P55285;Q9Y5G5;Q9ULB5;P32926;Q9Y5H2;Q9Y5E6;Q9Y5E2;Q9Y5E4;Q9Y5G7;Q02487;Q9HBB8;Q9Y5I1;Q9Y5F1;Q9Y5G8;Q08554;Q02413;Q9BYE9,A0A024RC42;A0A087WT05;A0A0A6YYA3;A2A3E7;Q14126;P55290;Q9Y5G1;Q9Y5H7;Q9Y5H4;Q9UN74;Q9BZA7;P55287;Q9Y5F2;Q9Y5I4;Q9Y5E3;Q13634;Q9NPG4;Q9Y5I0;Q9Y5G3;Q9Y5F7;Q9UN70;Q9UN71;P22223;X5D7N0;Q9Y5F0;Q9H159;Q6ZTQ4;Q9Y5E8;Q12864;Q14574;P12830;Q86UP0;Q9Y5I2;P55286;Q9H158;Q9ULB4;Q9HCL0;Q9Y5F8;Q9Y5F9;O14917;P55291;P55289;X5D999;Q9HBT6;X5D8X5;Q9Y5G2;O95206;Q9UN75;Q9Y5G6;Q9Y5E9;Q9UN67;Q9UN66;O60330;Q9Y5F6;Q9Y5F3;Q9Y5H3;Q9Y5H5;Q9UJ99;Q9Y5H1;Q9BZA8;Q9UN72;Q9Y5E7;Q9Y5E5;Q8IXH8;Q9Y5G4;O75309;Q9Y5H8;Q9Y5H0;Q9Y5I3;Q86SJ6;Q9Y5H9;Q9UN73;P33151;Q9Y5H6;Q8TAB3;P55285;Q9Y5G5;Q9ULB5;P32926;Q9Y5H2;Q9Y5E6;Q9Y5E2;Q9Y5E4;Q9Y5G7;Q02487;Q9HBB8;Q9Y5I1;Q9Y5F1;Q9Y5G8;Q08554;Q02413;Q9BYE9,NONE,NONE,NONE,NONE
KOG3736,4,1,NONE,NONE,Q7K755;Q9U2C4;O45947;O61397,ZERO,Q6WV17;A0A0B4LFI4;B7Z006;Q8IA41;Q8IA44;Q9VUT6;Q9Y117;Q8MVS5;M9PBK1;Q8MRC9;X2JEA3;Q8IA43,Q9Y117,E7FDA0;E7F4L0;F1R7M5;E7F4H6;F1QC21;E7EZY5;F1QY66;F1QH48;Q1LVP1;F1R1K8;E7F6M5;E7EZL6;B8A6C4;E7F198;F1R913;E7FD94;F1Q6D3;Q6NX01;F1R0I8;E7F678;B8JL27,ZERO,A0A024RC48;E5D8G0;Q86SF2;Q14435;Q9HCQ5;Q9NY28;Q7Z4T8;Q7Z7M9;Q8IXK2;Q86SR1;Q8IUC8;Q8NCL4;Q8N4A0;Q2L4S5;Q8N3T1;Q58A54;F8VUJ3,ZERO,NONE,NONE,NONE,NONE
KOG0194,4,2,NONE,NONE,O01325;D6R8W4;Q9XUQ1;O01774;Q19704;Q21764;Q18865;Q23554;B1Q276;Q8I4A8;Q18462;Q22765;Q9TXI2;Q23102;O02064;Q9TYX4;Q18142;G5EBM6;Q19726;Q9N4S6;Q9XXE5;Q9XW34;Q22245;Q22243;G5EC46;P91360;P34265;O01798;Q20933;Q9U3B5;H2KZ80,ZERO,P18106,ZERO,E7F3J7;F8W3J0,E7F3J7;F8W3J0,A0A024RC92;W0S0X4,W0S0X4,NONE,NONE,NONE,NONE
KOG3575,4,2,NONE,NONE,O62112;O45521;Q9BKZ8;Q2V069;Q2V068;O45905;O45315;O17991;O02235;O18087;Q09528;Q95XT8;O45449;Q95X91;G5EFN9;Q9N2W3;Q9N418;O16962;O16966;O16965;Q9U1R0;O45987;O16354;O16360;Q22960;Q9XU11;G5EEL3;Q09565;O17573;Q8I7M5;O02316;O62412;O45910;G5EET0;Q9XVK1;O45460;Q18895;Q22555;Q9UB40;Q9TXJ1;O16663;O16661;G5EC41;Q18155;G5EE08;Q9XVV3;O16677;P90822;O16753;A7LPI6;G5EG35;O17706;Q21700;O16346;Q19438;Q95XZ3;Q9XXL8;Q9XXM1;O17748;Q95Y08;O16425;Q18190;O17020;O17025;Q9U3N8;O62116;Q21372;Q9U1U2;O44668;O17657;O16538;O16537;Q8WSN9;Q95Y09;Q95Y07;G4SCE4;Q95XH8;O17081;O45365;Q23038;O17131;Q17370;Q17589;O16604;Q18392;Q18395;Q9NAJ3;Q7KX62;Q20389;Q9NAJ2;O46003;O16676;O17933;O17934;Q966I0;G5EDC3;Q966H7;Q966H4;O45328;O16398;O45954;Q966H9;Q95QT4;O44635;Q18393;O76828;Q18391;O45756;Q9XVJ1;Q9XVC7;O17082;O62034;Q10902;O02305;Q19496;O16603;O16961;Q20097;O45505;O45507;O16890;A2V8C5;Q27521;Q95QB3;H2KZT0;Q21006;G5EFF5;B1GRK7;Q8MYP0;H2L098;Q23294;Q8ITW8;Q9XYB7;G5ECI7;A5JYT1;O62496;H2L019;O62031;O02279;Q22127;Q9GTD4;O44638;H2L0B0;O45907;H2L0L6;H2L0M9;Q9NEV6;Q86PJ4;Q95QR2;H2KYJ8;Q94407;Q17905;H2L017;Q9N4Q7;G5ECR9;O16662;O18086;Q9BJK5;Q95ZS3,ZERO,O96680;A1ZA01;P16375;P18102;Q8WS79;M9PGA3;Q9VI12;Q24143;P34021;M9PGS2;Q24142;P17671,P34021,F1QJT0;A9C4A5;F1QNF1;F1QEW1;B3DG77;Q5RH32;F1QGF3;Q6DEH0;B0V1H8;F1R2J7;Q1L673;F1R2J5;G1K2L7;Q568N6;F1QY74;F1Q684;Q06726;F1QL15;Q6PH18;F1QME0;F1RAM8;B8JJL4;F1QJG0;Q7ZU32;F1QUF4;B0UXU0;A4GT83;F1QYF6;F1REC6;F1Q8K8;F1QEH1;Q90271;F1QI86;Q7SYN5;F1QYK2;F1Q660;F1R1H6;F1QH45;Q1XHK0;Q6Q6F6;F1RDN3;E7EZ95;Q6P115;F1R1Y8;B3DGQ7;Q6P117,ZERO,A0A024RCW6;A0A0B4J1T2;B0ZBF6;B6ZGT9;E5KQF6;F1D8N1;F1D8N7;F1D8P4;F1D8P9;F1D8Q5;F1D8Q7;F1D8R0;F1D8R3;F1D8R5;F1D8S0;F1D8S4;F1D8S6;P28702;P06401;Q14994;Q15466;Q569H8;O95718;H9NIM2;P10589;F2YGU2;G4XH65;P55055;P10827;Q7LCB3;Q5STP9;P11473;Q6I9R7;P13631;Q96RI1;P37231,A0A024RCW6,NONE,NONE,NONE,NONE
KOG3248,4,2,NONE,NONE,Q10666,ZERO,H9XVM0,ZERO,Q9W7C0;F1R336;F1Q7T6;F1QZD5;Q9YHE8,Q9W7C0;F1QZD5,A0A024RDI7;E2GH26;P36402;Q9HCS4,A0A024RDI7,NONE,NONE,NONE,NONE
ENOG410IE8R,4,1,NONE,NONE,G5EF49,ZERO,B7YZW3,ZERO,B0S5P9;F1QZT6,ZERO,A0A024RDT9;Q53EP0,A0A024RDT9,NONE,NONE,NONE,NONE
KOG2200,4,1,NONE,NONE,Q20440,ZERO,Q8T0G4;A8JR05,ZERO,E7F8B8;F1Q7X0;E7F074;E7F5Q5;F1QX35;E9QBW9;E7FBY0;B0S5B4,ZERO,A0A024RDV4;Q96QB1;Q5TG30;Q92502;Q9P2N2,Q96QB1,NONE,NONE,NONE,NONE
KOG4286,4,1,NONE,NONE,Q9TW65,ZERO,A0A0B4KHE2,ZERO,F1RE45;F1R868;F1R0H8,ZERO,A0A075B6G3;P46939,A0A075B6G3;P46939,NONE,NONE,NONE,NONE
KOG3516,4,2,NONE,NONE,Q19617;O45000,ZERO,Q94887,Q94887,E7F9H3;E7EZI3;F1Q802;E7FAJ4;B0S7S0;F1QPX5;E7FAJ5;F1QQ81;F1RCQ5,ZERO,A0A090N7T7;H3BPC8;P78357;Q8WYK1;Q9C0A0;Q9BZ76,P78357;Q8WYK1;Q9C0A0;Q9BZ76,NONE,NONE,NONE,NONE
KOG1025,4,1,NONE,NONE,O16262;B5BM27,ZERO,Q6SB03,ZERO,A0A0A0MPK4;E7EY14;E7FCW5;E7FD22;E7FG40;E7FG42;F1Q4T5;F1QDE6;F1R0F7;F1R5S1;F8W3W7;H9GZ46,ZERO,X5DNK3;P00533;Q15303;P21860,X5DNK3;P00533;P21860,NONE,NONE,NONE,NONE
KOG3538,4,1,NONE,NONE,H2L2A7,ZERO,A0A0B4KHK4;Q8MRL5;E1JHP3;Q2MGN5,ZERO,F1R8A1;E7FGU7;E7FCQ4;H9GXU9;E7FBX1;E7FEJ5;F1QPE7;E7FFY5;H9GYK2;H9GXE0;E7F5R1;F1RCK5;F1RC76;A2BIA2;E7F9C3;E7F316;E7F6N6;A2BIA3;H9GZ15;E7FF31;E7FFX0;H9GY46;H9GYP8;E7F4N4;F1R2Z7,ZERO,A0A0A0MQW6;Q9P2N4;P59510;Q9UHI8;Q8TE58;Q9UKP5;O75173;Q9UKP4;Q8TE59;Q6ZMP0;X6R4H8;Q6UY14;Q8TE60;Q76LX8;Q8WXS8;Q8TE57;Q8N6G6;Q8TE56;Q9C0I4;P58397;Q9UP79,Q8TE60;Q76LX8;P58397,NONE,NONE,NONE,NONE
KOG3555,4,1,NONE,NONE,H2KZF8,ZERO,A0A0B4KH80,ZERO,F1RE70;E7F9M2,ZERO,A0A0A0MQX7;Q92563;Q9BQ16,Q92563,NONE,NONE,NONE,NONE
KOG3686,4,1,NONE,NONE,H2L055;H2L2C2,ZERO,Q9VB98,ZERO,F1QIU1;E7FFF0;E7F5F7;F1R073;E7EYV1;H9GYX4;F1Q8E0;F1RD69;E7F8T7;E7F0N9;H9GZ40;Q5TYS4;E7FE99;E7F869;F1QWA3;G1K2R7,ZERO,A0A0A0MQY8;Q2PPJ7;O43166;Q5VVW2;Q684P5;Q6GYQ0;O60292;Q9P2F8;Q96FS4,Q96FS4,NONE,NONE,NONE,NONE
KOG3514,4,2,NONE,NONE,A7UQ09,ZERO,Q8SZX4,ZERO,F1QYQ7;F1R8H4;F1R5P7;F1QHW5;A1XQX7;F8W597;B7ZD56,F1QYQ7;F1R5P7;F8W597,A0A0A0MR89;Q9P2S2;Q9ULB1,Q9P2S2;Q9ULB1,NONE,NONE,NONE,NONE
KOG3676,4,1,NONE,NONE,Q9N3Y9;Q22374;G5EBV8;G5EDR9,ZERO,Q9VUD5,ZERO,A2BG42;E7EYI8;B6RTA2,ZERO,A0A0A6YY98;Q9HBA0;Q9H1D0;Q8NET8;Q9Y5S1;Q8NER1,Q9HBA0,NONE,NONE,NONE,NONE
KOG0613,3,0,NONE,NONE,Q7YTL1,ZERO,NONE,NONE,B8JI51;E7EYG1;E7F607;E7F733;E7F8W2;E7FDK2;F1QX95;F1R221;F1R7N8,ZERO,O75147;Q86VF2;Q8N9C0;Q15746;Q8WZ42,ZERO,NONE,NONE,NONE,NONE
KOG3515,4,1,NONE,NONE,Q9U3P2,ZERO,A0A0B4K6K0;A0A0C4DH96;A1Z9X4;E1JII4;Q0E9F2;Q9VFU7;Q961L5;Q8MZ57;Q9VQW0;Q0KIB1;Q9VH85,ZERO,F1Q8Y5,ZERO,O60500,O60500,NONE,NONE,NONE,NONE
KOG4385,4,1,NONE,NONE,Q86MF0,ZERO,A0A0B4K6N2,ZERO,E9QBP8;E7F6F5;A8WFW7;E7EZ68;B3DJK9;Q4JNX5,ZERO,X5D2H2;Q548T7;Q9BZS1;Q8IVH2,Q9BZS1,NONE,NONE,NONE,NONE
ENOG410IGVU,4,1,NONE,NONE,Q95Y95,ZERO,A0A0B4KED3,ZERO,F1QXF7;B0S6V2;E7FA94,ZERO,Q765P7;O43312,O43312,NONE,NONE,NONE,NONE
KOG3654,4,1,NONE,NONE,Q966J8,ZERO,A0A0B4KFU3,ZERO,E7F6X7;F1QBR7;E7F3U0;A5WUN7;F1R1D6;F1Q557,ZERO,Q9P1Y5;Q5T5Y3,Q9P1Y5,NONE,NONE,NONE,NONE
KOG4389,4,1,NONE,NONE,O01302;G5EDN1;Q9U295;G5EDV9,ZERO,A0A0B4KGI5,ZERO,Q9DDE3;E7F1N9;E7FF77,ZERO,P06276;P22303,P22303,NONE,NONE,NONE,NONE
KOG3667,4,1,NONE,NONE,Q9NAD6,ZERO,A0A0B4KHS6,ZERO,Q68SP3;O93599;F1R4W8;E7FBV9;B0S789;B3DGV1;F1QWX2;Q6P943,ZERO,P42229;P51692;P42224;Q14765;R9QE65;P42226;P40763,P42229;P42226,NONE,NONE,NONE,NONE
KOG3913,4,2,NONE,NONE,P34889;P34888;Q27886;Q10459;G5EG05,ZERO,A0A0B4LFY4;P09615;P28466;P40589;Q9VM26;Q9VFX1;Q9VM25,ZERO,F1Q9W3;B0V1G8;F1QK98;B3DG58;F1R205;Q9I9I2;A3KQ12;B7ZD55;F1RB76;Q90YL8;Q92048;B8JM95;F6NSS8;B0LK22;A5WVL3;E7FBM9;B8A6B9;B0S7E3;F1QBD2;F1QUW0;B3DFK5;F1Q5B7;F1Q8M2;B6V3E2;Q1RLW9;Q4JLT0,B8JM95,P56706;P56703;Q9H1J5;P09544;Q9GZT5;Q93097;P56705;O00755;Q9UBV4;P41221;Q9H1J7;O00744;Q93098;D9ZGG3;Q9Y6F9;P04628;O96014;O14905;P56704,P56706;P56705;P41221;P04628;P56704,NONE,NONE,NONE,NONE
KOG3781,4,1,NONE,NONE,Q19173;O61756,ZERO,A0A0C4DHF6,ZERO,F1QMH7,ZERO,Q14118,Q14118,NONE,NONE,NONE,NONE
KOG2170,4,1,NONE,NONE,Q9XXG5;Q95NU5;O45271,ZERO,F6JQA6,ZERO,A0A0H2UKC7;A9C3S4;B0V1G7;E7F0K7;E7FDJ9;E9QG29;F1R507;F1R8N0;Q4V8W5;Q568B8,ZERO,O14657;Q5JU69;O14656;Q9H497;Q9NXH8,O14656,NONE,NONE,NONE,NONE
KOG0488,4,1,NONE,NONE,Q22909;Q22910;P26797,ZERO,Q24256;M9PHX7;Q9VYL0;Q9W064;M9NDG6;P10035;Q7KS77;P22807;Q7KS72;Q4V727,ZERO,A1A5U3;A2CEG4;B2GRF3;B8JMG3;E7EZN7;E7FDX5;F1QSY0;F1QTM1;F1R2J1;F1R7K8;F6NKZ9;H9GXC8;Q6YI96;Q6ZM39;Q804R0;Q8AV71;Q8JI13;Q9PTU1;Q9DGM8,ZERO,Q9BZE3;Q15270;Q9UMQ3;Q14774;Q6XYB7;Q6ZNG2;O43763;O43711;Q9HBU1;Q9NY43;P31314;P52954,Q14774,NONE,NONE,NONE,NONE
KOG3922,4,1,NONE,NONE,O17645,ZERO,P25722;Q86BJ3,ZERO,A1L1P8;F1QLG4;Q402B1,A1L1P8,Q7LGA3;Q9Y2C2,ZERO,NONE,NONE,NONE,NONE
KOG3611,4,2,NONE,NONE,Q17330;Q95XP4,Q95XP4,Q24323;Q7KK54;Q29QV5;M9PB77,ZERO,A1L5C9;B8JMB1;E3W9A6;E7F4B6;E7F6C0;E7FAU7;E7FBE1;E7FEP0;F1Q5G8;F1Q9B9;F1QF70;F1QG92;F1QI04;F1QJ07;F1QJZ8;F1QK68;F1QNC4;F1QPG9;F1QPQ6;F1QR50;F1QSE6;F1QU86;F1R501;F1R9D6;F1R9L1;F1RB05;F1RC24;H9GZA4;M9MM97;M9MMB3;Q1LXC4;Q1LYS1;Q1LVE1;Q1LV94,ZERO,O75326;Q9H3T2;J3KNP4;Q9P283;O15041;Q9H2E6;Q92854;Q14563;Q99985;Q9NTN9;Q9H3S1;O95754;Q8NFY4;Q13275;Q9C0C4;X5DR95;O95025;Q9NS98,O15041;Q92854;Q9H3S1,NONE,NONE,NONE,NONE
KOG3539,4,2,NONE,NONE,Q19305,Q19305,A1Z8W6;Q7K3Y9;Q7KN04,ZERO,Q1LUZ8;F1R2Z9,ZERO,Q9HCB6,Q9HCB6,NONE,NONE,NONE,NONE
KOG0514,4,1,NONE,NONE,G5EDN8,ZERO,A1Z9W5,ZERO,F1QCY5;E7F3U4;F1QAH9;F1QZZ7;A2CEC3,ZERO,Q14678;Q6NY19;Q5T7N3,Q14678,NONE,NONE,NONE,NONE
KOG0791,4,1,NONE,NONE,G5EGJ9,ZERO,A1ZAB3;P35992;Q24495,ZERO,E7F9R2;E7EYB1;E7EZV0;F1R933;F1R482;F1QRD2;F1QEH3;E7F3F9;F1QV41,ZERO,Q12913;Q9HD43;P23467;Q16827,Q12913;Q16827,NONE,NONE,NONE,NONE
KOG4228,4,2,NONE,NONE,Q8I4I0;Q9XVM4;G5EC69;G5EDC5;H2KZM6,ZERO,A8DZ18;P16620;Q9VJ95,ZERO,A8DZA4;A4IFW2;B8A5J5;E7EXS3;E7EZG7;E7F178;E7F4G9;E7F899;F1Q6E0;F1QAD3;F1QE38;F1QG63;F1QGA6;F1QJW2;F1QNV8;F1QVP7;F1QXG6;F1QZS2;F1R3K1;F1R681;F1R8P1;F1R8P8;F1RB37;F8W3M6;H9GYT8,A4IFW2;F1QXG6,P18433;O14522;Q15262;P28827;Q92729;P10586;Q13332;P08575;P23469;P23468;P23471,O14522;Q15262;P28827;Q92729;P10586;Q13332;P08575;P23468,NONE,NONE,NONE,NONE
KOG3645,4,1,NONE,NONE,O16426;Q22085;P34271;Q18556;Q93329;O61216;Q9N4M3;O61520;O61519;Q17511;Q9XTY8;Q23355;Q19229;Q22083;Q22084;Q22079;Q22081;Q22080;Q6BEQ0;Q19351;Q65XS8;P54246;Q93323;Q95Y94;Q93149;P48182;Q23022;Q4R170;Q9N5U8;G5EG88;Q9N4R6;P54245;G5EG72;G5EGR1;O18228;Q9N587;O44452;P91197;A5JYS3;Q17999;H2KZY7;H2KML8;G5ECT0;P48180;B3WFZ2;G5EE87;B1Q281;Q27218;Q6F6K3,ZERO,Q9W288;M9PDC9;Q95R44;P25162;Q9W3G6;P17644;Q8IPE2;P09478;P04755,ZERO,A2BG85;E7EYV5;E7F098;E7F3Z9;E7F4S7;E7F752;E7F892;E7F8A2;E7F9J4;E7F9V1;E7FAU8;E7FCP2;E7FDA6;E7FDT0;E9QBV8;F1Q8K2;F1Q9U1;F1QFE7;F1QKS3;F1QM95;F1QMX1;F1QQX3;F1QR92;F1QTM9;F1QUF2;F1QWG4;F1QX92;F1R5G4;F8W4S9;F8W5I4;H9GYH4;Q98880;Q1RLX8;Q1L8Y9;Q1LY90;Q75XT1;Q8AV68;Q567Y7,ZERO,Q04844;P11230;O95264;Q5SXY3;A5X5Y0;P43681;Q70Z44;Q9UGM1;P30926;P46098;Q9GZZ6;Q15822;P30532;P02708;Q07001;Q494W8;Q05901;P32297;Q8WXA8;P07510;P36544;Q15825,P36544,NONE,NONE,NONE,NONE
KOG3620,4,1,NONE,NONE,Q18264,ZERO,Q9V7H4,ZERO,E7F8H2,ZERO,A2VDJ0;Q92545,A2VDJ0,NONE,NONE,NONE,NONE
KOG0850,4,1,NONE,NONE,Q18273;Q9U1R1,Q18273,A2VEF7,ZERO,Q98875;Q503J7;F1R2R2;Q98879;Q6DBS2;Q5XJL9;Q98877;Q98876,ZERO,X5D2F9;P56179;X5D7D8;Q92988;O60479;Q53Y73,ZERO,NONE,NONE,NONE,NONE
KOG3927,4,1,NONE,NONE,Q9XUG9,ZERO,Q7JS69;Q9VDY7;Q7K1C6;Q9V3Q9;Q1RL12;B5RIR1,ZERO,Q90Z34;F1Q6G8;Q9DGL3;E7F9R1;Q9DGL2;Q9DGI4;Q8QHI1,ZERO,A3KLL5;P14415;P51164;P54709;Q9UN42,P14415;P51164,NONE,NONE,NONE,NONE
KOG1966,4,1,NONE,NONE,G5EBK1;G5EDH8;Q8T5S1;O16452;H2L039,ZERO,Q8MQP4,ZERO,A3KPJ8;B0S734;B7ZVJ6;F1QR72;F1R610,ZERO,Q14940;Q9UBY0;P48764;P19634;Q6AI14,P19634,NONE,NONE,NONE,NONE
KOG1480,4,1,NONE,NONE,Q26261,ZERO,Q95TU8,ZERO,A3KPR8;F1QKZ1;F1QLD2;F1QXF6;F1QXJ7;F1QYN5;F1RCC5,ZERO,Q6UXZ4;O95185;Q8IZJ1;H8YHX0;Q6ZN44,Q6UXZ4,NONE,NONE,NONE,NONE
KOG3605,4,1,NONE,NONE,O17583,ZERO,M9PGU7,ZERO,E7FED4;E7FGL9;F1Q9E4;F1QC29;F1QTD8,ZERO,Q99767;O96018;Q02410,Q02410,NONE,NONE,NONE,NONE
KOG3528,4,1,NONE,NONE,G5ECZ8;O02063;O18301;O44797;O76587;Q09284;Q18755;Q19653;Q19883;Q20234;Q22366;Q86NH1;Q9GYJ7;Q9TXV1,ZERO,Q9GQQ6,ZERO,E7EXQ0;E7EZG9;E7F0I6;E7F9J3;E9QDB9;F1QC54;F1QCJ6;F1QQY5;F1R0L2;F1R8H8;F1RD37;F1RD62;H9GXL3;Q1LXN3;Q5TZH0;Q6P2U7,ZERO,O75970;Q14005;Q68DX3;Q7Z6J2;Q8NI35;Q8TBB1;Q8TDM6;Q8TEW8;Q9Y3R0;Q9Y6N9,O75970;Q8TDM6,NONE,NONE,NONE,NONE
KOG4348,4,1,NONE,NONE,Q6A573,ZERO,Q9VA35,ZERO,E9QJP6;E7FDC3;F1R1N9,ZERO,A4FU49;Q5JPT6;Q9Y5K6,Q9Y5K6,NONE,NONE,NONE,NONE
KOG2462,4,2,NONE,NONE,O01830;G5ECN8;O45103,ZERO,Q9VE63;Q7KV66;Q24140;P25932;Q9W0P9;Q9VJP2;P08044,ZERO,A4IGB7;A8WGA5;B3DH44;F1QNL2;F1R2G9;Q5PQY5;Q90274,B3DH44,Q9BWW7;Q9NQ03;Q3KNW1;O43623;O95863,O43623,NONE,NONE,NONE,NONE
KOG3681,4,4,NONE,NONE,A5JYX3;H2L011;P19826,A5JYX3;H2L011;P19826,P35220;Q9W1F1;Q24584,P35220,B7ZC77;B8JIH2;Q1LU92;Q9PVF8;F1Q8P1,B8JIH2;Q1LU92;Q9PVF8,P26232;V9HWK2;P35221;Q9UBT7,P26232;V9HWK2;P35221;Q9UBT7,NONE,NONE,NONE,NONE
KOG4179,4,1,NONE,NONE,Q18989,ZERO,Q8IPK4,ZERO,A5PMF6;A8E7A8;A9C3Q0;E7F037;E7F0F2;F1QXK0,ZERO,Q8NBJ5;Q8IYK4;Q5T4B2,Q5T4B2,NONE,NONE,NONE,NONE
KOG0842,4,1,NONE,NONE,P41936;Q9NLC2;G5EE18;Q9XVN4,ZERO,A8Y527;P22711;P22809;Q0KHX8,ZERO,A5WVY6;B3DFT3;B3DH68;F1QNE4;F1R3M6;F1RCL3;F6NGH9;Q98871;Q803Z6;Q5BJA8;Q98873,ZERO,P52952;P78367;Q9H2Z4;Q8TAU0;P43699;O95096;A6NCS4;Q99801;O15522,Q8TAU0,NONE,NONE,NONE,NONE
KOG1328,4,1,NONE,NONE,Q400L7,ZERO,A8JRA6;Q9VS41,ZERO,F1QMR1,ZERO,O94812;Q70J99,Q70J99,NONE,NONE,NONE,NONE
KOG2996,4,1,NONE,NONE,Q45FX5,ZERO,A8JUQ9,ZERO,E7EZM4;B0S6C8;F1QUI8;E7F612;E7F5H2;F1QL28,ZERO,P15498;Q9UKW4;P52735,P15498;Q9UKW4,NONE,NONE,NONE,NONE
KOG1222,4,1,NONE,NONE,H2KZP1,ZERO,A8JUR5,ZERO,B8JM83;Q1LWL1,ZERO,Q92845,Q92845,NONE,NONE,NONE,NONE
ENOG410IQJH,4,1,NONE,NONE,C6KRM7,C6KRM7,Q8IP70,ZERO,F1R350,ZERO,A8K0Y0,ZERO,NONE,NONE,NONE,NONE
KOG3755,4,1,NONE,NONE,Q86MI0,ZERO,Q8MLT6,ZERO,A8WIP9;Q1LUN2,ZERO,Q01826,Q01826,NONE,NONE,NONE,NONE
KOG4216,4,1,NONE,NONE,P41828,ZERO,H1UUN3;M9NDE9,ZERO,B0JZJ5;B8JJ08;F1QGI9;F1QLY4;F1R6M2,ZERO,Q58EY0;Q6I9R9;P35398,P35398,NONE,NONE,NONE,NONE
KOG4196,4,1,NONE,NONE,B0M0M9,ZERO,Q7JS61,ZERO,Q6P5N3;Q6NW89;Q98UK5;F1Q513;Q7T3H0;B3DGB3;F1QGU5;F1QRE8;F1QQC2,ZERO,Q9ULX9;P54845;O75444;Q9Y5Q3,Q9Y5Q3,NONE,NONE,NONE,NONE
KOG0587,4,1,NONE,NONE,Q23356,ZERO,Q7KV88,ZERO,B0UY93;E7F322;E7FF03;E9QCW9;E9QD58;F1QQG8,ZERO,Q9UKE5;F5H049;O95819;Q8N4C8,Q8N4C8,NONE,NONE,NONE,NONE
KOG0505,4,2,NONE,NONE,G5ECD7,ZERO,Q8SY34;Q86RA0,ZERO,B0S563;E7FEM0;E7FFN3;F1QSD2;F1R1B4;F1R7N6;Q08BR9;Q7T3X9;Q7T3Y0;Z4YIS0,Q7T3X9;Q7T3Y0;Z4YIS0,Q9BZL4;Q7Z6K4;Q86WC6;O14974;Q96T49;Q96I34,Q7Z6K4;O14974,NONE,NONE,NONE,NONE
KOG3586,4,1,NONE,NONE,O17212;P90971,ZERO,Q94890;O62535,ZERO,B0S5M8;B8JJ43;E7F4A1;E7F7B4;E7F9T4,ZERO,O95935;Q9Y458;Q9UMR3;D9ZGG0;O75333;Q96SF7,O95935,NONE,NONE,NONE,NONE
KOG2052,4,3,NONE,NONE,Q09488;P20792,Q09488,Q7JPM7;Q9VMT1;Q23975,ZERO,B0S6E3;B3DJ37;E7F0I3;F1QH44;F1QQ20;F1QV89;F1QZF0;F1R9T6;F1RC58;Q1RLX1;O73736,O73736,O00238;P36896;Q8NER5;Q5T7S2;D3DPA4;P37023,P37023,NONE,NONE,NONE,NONE
KOG0249,4,1,NONE,NONE,Q21049,ZERO,Q9W263;M9PCD4,ZERO,B0S6H8;E7F905;F1QII0;G1K2U6;H9GX76;Q5TZ25,ZERO,O75334;O75145;O75335;Q674X7;Q13136,O75334;Q13136,NONE,NONE,NONE,NONE
KOG3960,4,1,NONE,NONE,P22980,ZERO,P22816,ZERO,B0S6I5;Q90477;Q6VNZ9,ZERO,P15173;P15172;P13349;P23409,P13349,NONE,NONE,NONE,NONE
KOG3638,4,1,NONE,NONE,G5EC21;O61737;Q94129;O45992;P91573;Q20677;Q94128;Q94130;Q9XV14;Q9XUV2;H2KZR5;Q9U7D3,ZERO,Q02936,ZERO,B0S8K0;B3DJ46;F1R9L0;Q90419;Q92008,ZERO,Q14623;O43323;Q15465,Q14623;Q15465,NONE,NONE,NONE,NONE
KOG3653,4,1,NONE,NONE,P50488,ZERO,Q24468;Q9NGX8,ZERO,B0V0H4;E7F998;F1Q6M3;F1QAH4;F1QG01;F1QKF4;F1QXI5;F1R709;F1R753,ZERO,Q13873;P27037;Q13705;Q16671;D2JYI1,D2JYI1,NONE,NONE,NONE,NONE
KOG3858,4,3,NONE,NONE,Q9U3M2;Q19475;O44516,O44516,Q8ST77,ZERO,Q90YC5;F1Q970;F1R203;O93431;E7FG26;P79727;Q6PGZ9;F1Q635;O73874;E7FB27;Q502Q3,F1Q970;F1R203;O73874,B4DXG7;O43921;P20827;P52797;P52798;P52799;P52803;P98172;Q15768,P20827;P52799;P52803;P98172,NONE,NONE,NONE,NONE
ENOG410IQ6P,4,1,NONE,NONE,H2KZX7,ZERO,B7Z132,ZERO,E7F4B2,ZERO,Q13905,Q13905,NONE,NONE,NONE,NONE
KOG3963,4,1,NONE,NONE,Q20054,ZERO,Q95R59;Q9Y106;Q8MZG2,ZERO,B8JLG8;E7F782;E7FBQ4;Q8UUZ1,ZERO,Q9Y586;Q8N9M5;Q8N8X9;F1T0A2;Q8IYB1,Q8N9M5,NONE,NONE,NONE,NONE
KOG0518,4,1,NONE,NONE,D0VWL6,ZERO,Q961W2;Q9VB59,ZERO,F1R9P5;F1QGL5;E7F1L7;F1QL44,ZERO,Q14315;P21333;O75369,P21333,NONE,NONE,NONE,NONE
KOG3599,4,1,NONE,NONE,Q9U1S7;Q09624,ZERO,Q6T3S5;Q9VVZ8,ZERO,E7EYE8;E7F2N3;E7F2U9;E7F436;E7F943;E7FAZ6;E7FEA7;F1Q6X9;F1QRP6;F1QXT2;Q6IVV8,ZERO,Q9NZM6;Q9P0L9;Q13563;P98161,P98161,NONE,NONE,NONE,NONE
KOG4464,4,1,NONE,NONE,Q9GSX9,ZERO,X2JEL4,ZERO,E7EZL1;E7F1K0;E7FDX4;Q1LWD2,ZERO,Q9NPQ8;Q9NVN3,Q9NPQ8,NONE,NONE,NONE,NONE
KOG2252,4,1,NONE,NONE,O16218;Q22812;Q19720,ZERO,Q95TW5;M9NEA5,ZERO,E7EZT3;E7F4J9;E7F8J9;F1QKQ1;I3IT10;Q6PHC9,ZERO,O14529;Q9UBC0;P39880;O60422,Q9UBC0,NONE,NONE,NONE,NONE
KOG4806,4,1,NONE,NONE,Q9N397,ZERO,Q9W192,ZERO,E7F019;F1QPX0,ZERO,Q8TB73,Q8TB73,NONE,NONE,NONE,NONE
KOG1044,4,1,NONE,NONE,Q95QM5,ZERO,Q9VH91;Q8INN7,ZERO,E7F030;E7FCX5;F1Q5C0;F1R1G1;F6P113;F6PFJ2,ZERO,Q6H8Q1;Q08495;O94929,Q08495,NONE,NONE,NONE,NONE
KOG3556,4,1,NONE,NONE,Q7JMS4,ZERO,Q8IPC5,ZERO,E7F048;E7F1X5;E7FEV5;F1QER2,ZERO,Q9NQC7,Q9NQC7,NONE,NONE,NONE,NONE
KOG2122,4,1,NONE,NONE,Q21227,ZERO,P91667;Q9Y1T2,ZERO,E7F064;F1QN37,ZERO,O95996;P25054;H3BNH8,P25054,NONE,NONE,NONE,NONE
KOG4236,4,1,NONE,NONE,O45818;Q9XUJ7,ZERO,Q9VE91,ZERO,E7F0J2;E7F9Z2;E7FA73;F1QC78;F1QM71;F1QRH8;H9GYK0,ZERO,Q9BZL6;Q15139;O94806,Q9BZL6,NONE,NONE,NONE,NONE
KOG0579,4,1,NONE,NONE,O17566,ZERO,Q95U41,ZERO,E7F1B6;E7F7K5;E7FBZ2;E7FGB8;F1Q5H3,ZERO,Q9H2G2;O94804,O94804,NONE,NONE,NONE,NONE
KOG3697,4,1,NONE,NONE,Q9TYT3,ZERO,Q24080,ZERO,E7F3T0;E7F945;F1Q8T5,ZERO,P29353;Q6S5L8;Q92529;P98077,P29353,NONE,NONE,NONE,NONE
KOG1892,4,1,NONE,NONE,Q9BIC1,ZERO,Q8IPP3,ZERO,E7F4R0;E7FFG1;H9GZC3,ZERO,P55196,P55196,NONE,NONE,NONE,NONE
KOG4261,4,3,NONE,NONE,G5EGK1,G5EGK1,M9NDM3,ZERO,E7F508;F1Q4X4;F1QUA3;F1R4B4,F1Q4X4;F1QUA3;F1R4B4,Q9H1K6;Q9Y4G6;Q9Y490,Q9Y4G6;Q9Y490,NONE,NONE,NONE,NONE
ENOG410ITS1,4,1,NONE,NONE,O01847,ZERO,M9PBR2,ZERO,E7F520;E7FBR4,ZERO,Q13009;Q8IVF5,Q13009,NONE,NONE,NONE,NONE
KOG4807,4,1,NONE,NONE,G5EE23,ZERO,Q27421,ZERO,E7F5L9;E7F7U2;E7FEK2;E7FF43;F1R9W7;F1RCU4,ZERO,Q9H2D6;Q6WCQ1,Q9H2D6,NONE,NONE,NONE,NONE
KOG4226,4,1,NONE,NONE,Q95PW9,ZERO,Q24218,ZERO,E7F6M0;F1R1C3;Q4V9A1,ZERO,O43639;P16333,O43639;P16333,NONE,NONE,NONE,NONE
ENOG410IG2A,4,1,NONE,NONE,H2L0S5,ZERO,M9NGH0,ZERO,E7F753;E7FAE9;F1QXK1,E7F753,Q5T5P2,ZERO,NONE,NONE,NONE,NONE
KOG0612,4,1,NONE,NONE,Q9XVH4;Q21025,ZERO,Q9W1B0;Q6NR17,ZERO,E7F9X9;E7FD31;E7FDG0;E7FEY5;E7FGD8;F1QN82;F1R417;H9GX85;H9GXH8;H9GYF4;H9GYR1;H9GYY3;Q90Y37,ZERO,Q13464;Q6DT37;O14578;Q5VT25;O75116,Q13464;O75116,NONE,NONE,NONE,NONE
KOG4257,4,2,NONE,NONE,Q95YD4,ZERO,Q9U5Y2,ZERO,E7FCB4;F1QT14;F8W3Y4;Q7T2P8,E7FCB4;F1QT14;F8W3Y4;Q7T2P8,Q05397;Q14289,Q05397;Q14289,NONE,NONE,NONE,NONE
KOG4403,4,1,NONE,NONE,G5EF60,ZERO,P83094,P83094,E7FE10;E7FEY7;F1Q4V5;F1QIN8,ZERO,H0Y860;Q13586,ZERO,NONE,NONE,NONE,NONE
KOG4217,4,1,NONE,NONE,P41829,ZERO,P49869,ZERO,F1RER4;F1R8N1;F1QK43;Q6GMG3,ZERO,F1D8N6;Q92570;P22736,Q92570,NONE,NONE,NONE,NONE
KOG3751,4,1,NONE,NONE,P34400,ZERO,M9MSQ5,ZERO,F1Q4V7;F1QD02;F1QZE7;Q68EG5,ZERO,Q13322;Q70E73;Q14451;Q7Z5R6,Q70E73;Q7Z5R6,NONE,NONE,NONE,NONE
ENOG410IQJJ,4,2,NONE,NONE,Q9N3X8,Q9N3X8,O97394,ZERO,F1Q4Z1;F1RAD2,ZERO,Q58EX2,Q58EX2,NONE,NONE,NONE,NONE
KOG1785,4,1,NONE,NONE,Q19019,ZERO,Q9VSK2,ZERO,F1Q5B6;F1QI90;F6PCP5,ZERO,Q13191;P22681;Q9ULV8,Q13191,NONE,NONE,NONE,NONE
KOG4222,4,1,NONE,NONE,G5EBF1,ZERO,Q9GPP6;Q9GPP7,ZERO,F1Q9F7;F1QA87;F1QDQ7;F1QEH0;F1QFK4;F1R2D3,ZERO,Q9Y6N7;Q9HCK4;Q8IVU1;Q96MS0,Q9Y6N7;Q9HCK4,NONE,NONE,NONE,NONE
ENOG410IR7G,4,2,NONE,NONE,P14585;P13508,ZERO,P07207,P07207,F1QCA7;F1QZF2;F1R9H8,ZERO,Q04721;Q99466;P46531;Q9UM47,P46531,NONE,NONE,NONE,NONE
KOG3517,4,1,NONE,NONE,Q21272,ZERO,P23757,ZERO,F1QIW7;F1QRF4;Q98865,ZERO,P15863;Q2L4T1,P15863,NONE,NONE,NONE,NONE
KOG3623,4,2,NONE,NONE,G5EBU4,ZERO,P28166,ZERO,F1QMZ5;F1QY45,F1QMZ5,P37275,P37275,NONE,NONE,NONE,NONE
KOG4242,4,1,NONE,NONE,Q21301,ZERO,Q8IGL5,ZERO,F1QNQ9,ZERO,Q6F5E8;Q5VZK9,Q6F5E8;Q5VZK9,NONE,NONE,NONE,NONE
KOG4800,4,1,NONE,NONE,Q19430,ZERO,H9A9K2,ZERO,F1QV98;F8W2C7;Q8UUT6;Q8UUT4;Q8UUT3;Q8UUT0,ZERO,Q13491;P51674,Q13491,NONE,NONE,NONE,NONE
KOG4482,4,1,NONE,NONE,H2L0C3,ZERO,M9PCJ9,ZERO,F1R0W7;F8W4K0,ZERO,O43556;Q16586,O43556,NONE,NONE,NONE,NONE
KOG4802,4,1,NONE,NONE,G5EDX1,ZERO,Q9VCC7,ZERO,F1R2L9;F1R3Y9;F1R469,ZERO,P23352,P23352,NONE,NONE,NONE,NONE
KOG2181,4,1,NONE,NONE,Q9U3E2,ZERO,O18353,ZERO,F1R491;F8W338;O73714,ZERO,Q86U70;O43679,Q86U70,NONE,NONE,NONE,NONE
KOG3849,4,1,NONE,NONE,Q18014,ZERO,Q9V6X7,Q9V6X7,F1R676,ZERO,Q9H488,ZERO,NONE,NONE,NONE,NONE
KOG0195,4,2,NONE,NONE,Q9TZC4,ZERO,Q9V400,ZERO,Q6PHD6,Q6PHD6,V9HWF0,V9HWF0,NONE,NONE,NONE,NONE
KOG3597,3,1,NONE,NONE,Q8IG72,ZERO,Q960X3,ZERO,NONE,NONE,Q6UVK1;Q5SZK8;P0C091,Q5SZK8;P0C091,NONE,NONE,NONE,NONE
KOG4237,4,1,NONE,NONE,G5EFX6,ZERO,A0A0B4KES0,ZERO,A3KNN3;E9QBL9;B8A498;F1Q8G1;F1RCV3;F1QK88;Q00P20;A8WHP9;F1QQE4,ZERO,A0A024R2R0;Q9GZU5;Q9BY71;O94813;O75094;O75093;A6NJW4,O94813,NONE,NONE,NONE,NONE
KOG1826,4,1,NONE,NONE,NONE,NONE,Q59DT9,ZERO,E7FBD0;E7FFY1,ZERO,P21359,P21359,P19158;P18963,ZERO,NONE,NONE
ENOG410IG36,4,1,NONE,NONE,NONE,NONE,Q9VCC9,ZERO,A2BFC8;E7FEJ0,ZERO,X5D9D2,X5D9D2,NONE,NONE,Q09778,ZERO
KOG4419,4,1,NONE,NONE,NONE,NONE,A1Z8A7;Q7K0L5;Q9VZ32;Q8SZY4;Q8IHE8,ZERO,NONE,NONE,P21589,P21589,P38887,ZERO,Q9US39;O13781;Q9HDU9,ZERO
KOG3715,4,1,NONE,NONE,NONE,NONE,NONE,NONE,F1R3E5,ZERO,Q8NFG4;J3QW42,Q8NFG4,P53237,ZERO,O74769,ZERO
KOG2130,3,1,Q67XX3;Q9M9E8,ZERO,NONE,NONE,Q9VD28,ZERO,NONE,NONE,Q6NYC1,Q6NYC1,NONE,NONE,NONE,NONE
ENOG410ISR9,3,1,Q9C8E7,ZERO,NONE,NONE,NONE,NONE,B0QZN0,ZERO,O43424,O43424,NONE,NONE,NONE,NONE
ENOG410IG6I,3,2,Q9LN59;Q9FYK0;Q9ZP16,ZERO,NONE,NONE,NONE,NONE,B3DGN7;F1QWE3,B3DGN7,Q06418;Q12866;P30530,Q06418;Q12866;P30530,NONE,NONE,NONE,NONE
KOG1893,3,1,F4IN58,ZERO,NONE,NONE,NONE,NONE,E7FD74;E7FFV2;E7FH40;F1QDA7;F1QS05;F1R4V4;H9GYG5,ZERO,Q92508;Q9H5I5,Q92508,NONE,NONE,NONE,NONE
ENOG410IED3,3,1,Q5EAE7;Q8GW47,ZERO,NONE,NONE,NONE,NONE,F1Q5K5;F1Q988,ZERO,Q9Y2D8,Q9Y2D8,NONE,NONE,NONE,NONE
ENOG410IHNV,3,1,Q9FF10;Q8L608;Q9FZP1,ZERO,NONE,NONE,NONE,NONE,F1QMQ5;Q1LVP9,ZERO,Q8WWQ2;Q9Y251,Q9Y251,NONE,NONE,NONE,NONE
KOG1022,3,1,Q9LY62;Q84WB7,Q9LY62,NONE,NONE,NONE,NONE,Q08C36,ZERO,Q9UBQ6,ZERO,NONE,NONE,NONE,NONE
KOG4522,3,1,H3K2Y6,ZERO,NONE,NONE,NONE,NONE,NONE,NONE,NONE,NONE,P25648,ZERO,Q9P6L8,Q9P6L8
ENOG410IQDU,3,1,NONE,NONE,Q95Q15,ZERO,A0A0B4LFF7,ZERO,NONE,NONE,Q8N302,Q8N302,NONE,NONE,NONE,NONE
ENOG410IECJ,3,1,NONE,NONE,G5ECE8,ZERO,NONE,NONE,E7FF42;E7EYA4;E7FD65;E7F437;F1Q6V7;E7F701;F1QNM5,ZERO,A0A024R2X3;P38567;Q12891;Q2M3T9,P38567,NONE,NONE,NONE,NONE
ENOG410IFAH,3,1,NONE,NONE,G5EDE5,ZERO,NONE,NONE,Q1JQE7;Q1LVM8;E9QCG3,ZERO,A0A024R4F5;A0A0A0MTQ4;J3KNF6,J3KNF6,NONE,NONE,NONE,NONE
KOG3614,3,1,NONE,NONE,G5ECM4;Q20766;Q93971,ZERO,NONE,NONE,F1QFU8;A2BGS8;E7F940;F1QAZ8;F1R010;Q1MTB2;F1QQ83;E7FDL5,ZERO,A0A024R5V1;Q7Z4N2;Q8TD43;Q9NZQ8;O94759;Q9HCF6,A0A024R5V1,NONE,NONE,NONE,NONE
KOG4671,3,3,NONE,NONE,G5ED30,G5ED30,NONE,NONE,Q6PFT6;E7F575,Q6PFT6;E7F575,A0A024RBY7;Q96FX8,Q96FX8,NONE,NONE,NONE,NONE
ENOG410IMBE,3,1,NONE,NONE,G8JY12,ZERO,NONE,NONE,F1QLM4,ZERO,A0N0Q0,A0N0Q0,NONE,NONE,NONE,NONE
ENOG410IHBC,3,1,NONE,NONE,O45867,ZERO,NONE,NONE,H0WF27;H0WF83;E7FH19;F1QTA3;F6PCI1;F1Q8H3,ZERO,A1L4H1;Q8WTU2;Q9UGM3;Q86UP6;Q86VB7;Q9NR16,Q86UP6,NONE,NONE,NONE,NONE
KOG1048,3,3,NONE,NONE,Q9U308;G5EFN2,Q9U308,NONE,NONE,A2BGY1;B0BF33;B0V2S9;E7EXI3;E7EYR9;E7EZB3;E7F8R7;E7FBR0;E7FFJ4;F1Q8J9;F1QWE6;F1R6C8,A2BGY1;B0BF33;B0V2S9;E7EXI3;E7EYR9;E7EZB3;E7F8R7;E7FBR0;E7FFJ4;F1Q8J9;F1R6C8,O00192;Q99569;Q99959;Q9UQB3;Q9Y446;Q13835;O60716,O00192;Q99569;Q99959;Q9UQB3;Q9Y446;Q13835;O60716,NONE,NONE,NONE,NONE
KOG3565,3,1,NONE,NONE,Q19370,Q19370,NONE,NONE,B7ZVG9;E7EYC8;E7EYX1;E7F1F4;E7FF96;E9QHI0;F1Q4Y5;F1QFY0;F1R1G6;H0WEW1;H9GZ98;H9GZE0,ZERO,Q7Z6B7;O43295,ZERO,NONE,NONE,NONE,NONE
ENOG410IJP2,3,2,NONE,NONE,Q1ZXU1,ZERO,NONE,NONE,F8W252;E7F537,F8W252;E7F537,E7EX88,E7EX88,NONE,NONE,NONE,NONE
KOG3531,3,1,NONE,NONE,O17905;G5EDC0,ZERO,NONE,NONE,E7EY21;E7F1R8;E7FE33;F1QR05;F1R642,ZERO,O94887;Q9Y4F1;Q6ZUT3;Q6ZNL6,O94887,NONE,NONE,NONE,NONE
ENOG410IFCX,3,1,NONE,NONE,Q18106,ZERO,NONE,NONE,E7EZE3,ZERO,Q96LB3,Q96LB3,NONE,NONE,NONE,NONE
ENOG410IG3U,3,1,NONE,NONE,G5EG87,ZERO,NONE,NONE,E7EZZ7;F1QKB0;Q9DDL2,ZERO,Q9UDY8,Q9UDY8,NONE,NONE,NONE,NONE
ENOG410IEGG,3,1,NONE,NONE,Q8I0P7,ZERO,NONE,NONE,E7F5P1;F6P4K3,ZERO,Q13370;Q14432,Q13370,NONE,NONE,NONE,NONE
KOG2070,3,1,NONE,NONE,Q21430,ZERO,NONE,NONE,E7F790;E7F836;F1QMD3;F1RE63,ZERO,Q15052;Q14155,Q14155,NONE,NONE,NONE,NONE
KOG4578,3,1,NONE,NONE,Q22157,ZERO,NONE,NONE,E7FCM7;E7FET3;E7FH22;H9GXH0,ZERO,Q9H4F8;Q9H3U7,Q9H3U7,NONE,NONE,NONE,NONE
ENOG410IPNR,3,1,NONE,NONE,G5EC32,ZERO,NONE,NONE,F1Q9A0;F1R0C1,ZERO,O94875,O94875,NONE,NONE,NONE,NONE
ENOG410IEHW,3,1,NONE,NONE,G5ECP0,ZERO,NONE,NONE,F1QSP6,ZERO,O75161,O75161,NONE,NONE,NONE,NONE
ENOG410IQJK,3,1,NONE,NONE,Q22040,ZERO,NONE,NONE,F1QXY0;F1RC10,ZERO,Q9P2J2,Q9P2J2,NONE,NONE,NONE,NONE
ENOG410IE0Z,3,1,NONE,NONE,O17972,ZERO,NONE,NONE,F1R8C8,ZERO,O15259,O15259,NONE,NONE,NONE,NONE
ENOG410IR7F,3,1,NONE,NONE,O77469,ZERO,NONE,NONE,F1RCR3,ZERO,P23142;P98095,P23142;P98095,NONE,NONE,NONE,NONE
KOG4451,3,1,NONE,NONE,Q23664;Q23665,Q23664,NONE,NONE,Q7T3I0,ZERO,Q9NQZ6,ZERO,NONE,NONE,NONE,NONE
KOG0577,3,1,NONE,NONE,NONE,NONE,Q8T093,ZERO,H9GXU1;E7F228;E7EZY8;E7F885;E7F0I5;E7F699;B0S514,ZERO,A0A024QZ70;Q9H2K8;Q9UL54,Q9UL54,NONE,NONE,NONE,NONE
KOG4091,3,1,NONE,NONE,NONE,NONE,A0A0B4LFT7,ZERO,E7EYC1;E7FCE3;A3KPT8;E7FDU4;F8W5L7;F7VJQ5;E7F6C3,ZERO,A0A024R120;A0A024R2L0;Q8TE85;Q9NZI5;Q6ISB3;Q9NZI6,Q6ISB3,NONE,NONE,NONE,NONE
KOG4566,3,1,NONE,NONE,NONE,NONE,Q9VX18;Q7JVF1;Q9VJA1,ZERO,B0EVP5;E7F166;Q6DEF9;F1QI15;Q08BW5;L0N8L8;Q6NYJ2;E7FDH8;Q7ZUC6;A9LDR6;F1QEA8;B0EVQ1;Q7T2B1;B0BLX5,ZERO,A0A024R379;A0A024RBD2;O75159;Q4JHT5;Q6FI39;Q9NSE2;Q5H9R6,A0A024R379;O75159,NONE,NONE,NONE,NONE
KOG3631,3,2,NONE,NONE,NONE,NONE,Q9VWD0,ZERO,A3KNP3;Q6PC42;Q6DRM4,A3KNP3;Q6PC42;Q6DRM4,A0A024R4U4;J3KNQ4;Q9HBI1,A0A024R4U4;J3KNQ4;Q9HBI1,NONE,NONE,NONE,NONE
KOG3610,3,2,NONE,NONE,NONE,NONE,Q8STG6;Q9V4A7,ZERO,F1QZQ3;E7FGF3;T1ECS6;F1Q6L2;H9GY36;Q5RHX7;H9GZ95;E7FGY1;A0A0A0MPG5;F1QCL2;F1RAS2;F1Q7U0;Q5RH90;B6E519;F1QDD7;F1QAX8;F1Q7V6;B0S6W7;E7EYX4;F1QLR7,F1Q6L2;Q5RHX7;F1Q7U0;Q5RH90;B0S6W7,A0A024R728;A0A024R7A6;P51805;O43157;Q04912;Q9ULL4;Q9UIW2;Q9Y4D7,O43157;Q9ULL4,NONE,NONE,NONE,NONE
ENOG410IH0W,3,2,NONE,NONE,NONE,NONE,Q9VVK3,ZERO,Q5RI33,Q5RI33,A0A024R9J4;P29279,P29279,NONE,NONE,NONE,NONE
KOG1717,3,1,NONE,NONE,NONE,NONE,Q9VVW5,Q9VVW5,Q7T2L8;Q6NYH0,ZERO,A0A024RBC1;Q16829;Q99956,ZERO,NONE,NONE,NONE,NONE
KOG3527,3,1,NONE,NONE,NONE,NONE,Q9V8R9,Q9V8R9,Q8JG61;F1Q8U6;E7FEE9;E7F9M7;A5PN61;E7F0A7;B0V3D8;F1QRI2,ZERO,A0A0A0MRA8;O43491;Q9H4G0,ZERO,NONE,NONE,NONE,NONE
KOG0695,3,1,NONE,NONE,NONE,NONE,A0A0B4KEQ8,ZERO,Q90XF2;B0S4T7,ZERO,P41743;Q05513,Q05513,NONE,NONE,NONE,NONE
KOG0708,3,2,NONE,NONE,NONE,NONE,M9PHK8,ZERO,E7EZI7;E7F0T1;E7F796;E7F8I7;E7F8X3;E7FAT1;E7FB52;E9QBP2;F1Q6A0;F1QCS0;F1QKZ6;F1QS98;F8W3G8;F8W5C1,E7F796;E7FAT1,Q9BWT7;Q9BXL6;Q12959;Q92796;Q15700,Q12959,NONE,NONE,NONE,NONE
ENOG410IHJ3,3,1,NONE,NONE,NONE,NONE,A0A0B4LIM4,ZERO,F1QFD4;F1R286;E9QCE0,ZERO,Q9HCN3;A6NDV4,Q9HCN3;A6NDV4,NONE,NONE,NONE,NONE
ENOG410IE2X,3,1,NONE,NONE,NONE,NONE,Q8IH65,ZERO,A0A0H2UKE3;A1L1V4;B8A4W9;F1QJK9;F1R960;F1RD85,ZERO,Q9Y4K0;P58215;Q96JB6,Q9Y4K0,NONE,NONE,NONE,NONE
ENOG410IQ60,3,1,NONE,NONE,NONE,NONE,A0T1Z4,ZERO,Q6PNC5,ZERO,Q9HCM4,Q9HCM4,NONE,NONE,NONE,NONE
KOG2113,3,1,NONE,NONE,NONE,NONE,Q9V4F3,ZERO,E7EXM9;A2RRV6;H9GYV9;F1QR51,ZERO,A1L020;Q5U5Q3;Q6ZN04,Q6ZN04,NONE,NONE,NONE,NONE
ENOG410IEJH,3,1,NONE,NONE,NONE,NONE,A1ZBW7,ZERO,F1R5I6,ZERO,Q641Q2;Q9Y4E1,Q9Y4E1,NONE,NONE,NONE,NONE
ENOG410ITAJ,3,1,NONE,NONE,NONE,NONE,O96782,ZERO,A2BEM5;E7EZG6,A2BEM5,Q8TEW0,ZERO,NONE,NONE,NONE,NONE
KOG3540,3,1,NONE,NONE,NONE,NONE,M9NEM2,ZERO,A2BID8;B0V0E5;F1R9V9;H9GXI8,ZERO,Q06481;P05067,P05067,NONE,NONE,NONE,NONE
ENOG410IFMD,3,1,NONE,NONE,NONE,NONE,Q8WR19,ZERO,A2CEN0;F1Q5H6,ZERO,O43427,O43427,NONE,NONE,NONE,NONE
KOG0081,3,1,NONE,NONE,NONE,NONE,Q9W585,ZERO,Q4V8U8;I3IRW5,ZERO,A2RU94;O00194,A2RU94,NONE,NONE,NONE,NONE
ENOG410IFMV,3,1,NONE,NONE,NONE,NONE,Q9VLU2,ZERO,A3KQ87;E7FBX2;E7FGH5;F1QHM3;F1QRQ2;F1QSQ3;F1R1A8;F1R1R7;F1R7N2;F8W5T1,ZERO,P22735;Q96PF1;O95932;P00488;P49221;O43548;V9HWG3;Q08188,V9HWG3,NONE,NONE,NONE,NONE
KOG2999,3,1,NONE,NONE,NONE,NONE,Q8MS15,ZERO,F1R4H0;Q6NV39;F1RBT1;F1QSV8,ZERO,A4D1X5;Q96JJ3;Q96BJ8,Q96JJ3,NONE,NONE,NONE,NONE
ENOG410IR7B,3,1,NONE,NONE,NONE,NONE,A4V346,ZERO,F1QDJ3;F1QFH0,ZERO,O00548,O00548,NONE,NONE,NONE,NONE
KOG0930,3,1,NONE,NONE,NONE,NONE,Q9V9Q6,ZERO,A8WGT3;E7F1N2;E7F2Q0;E7F6X6;F1QDR1;F1R9I9;F1RBL6;Q08CQ5,ZERO,Q15438;Q99418;Q9UIA0;O43739;M0QZ92,Q15438;Q99418;Q9UIA0;O43739,NONE,NONE,NONE,NONE
ENOG410IPBB,3,3,NONE,NONE,NONE,NONE,Q24247,Q24247,A8WHQ8;B8A5K2;F8W2W0,A8WHQ8;B8A5K2;F8W2W0,P23229;Q13683,P23229;Q13683,NONE,NONE,NONE,NONE
KOG3916,3,1,NONE,NONE,NONE,NONE,Q7KN92;Q9VAQ8,ZERO,A8WHZ0;B3DJV1;C1KH59;E7F264;E7FCM6;F1QGG1;F1R804;F8W551,ZERO,O60909;O60512;Q9UBX8;O43286;B2RAZ5;P15291,P15291,NONE,NONE,NONE,NONE
KOG1834,3,2,NONE,NONE,NONE,NONE,X2J9E8,ZERO,B0S5G3;E7EYL3;E9QCL6;F1Q8C5,B0S5G3;E7EYL3;E9QCL6;F1Q8C5,Q9H4D0;O94985;Q9BQT9,Q9H4D0;O94985;Q9BQT9,NONE,NONE,NONE,NONE
KOG3512,3,1,NONE,NONE,NONE,NONE,Q24568;M9NF48,ZERO,B0S6C7;E7F9C0;E7FDM9;F1QUK5;F1R4Y3;F1R638;O42140;Q32SK9,ZERO,Q96CW9;O00634;Q8WTR8;O95631,O95631,NONE,NONE,NONE,NONE
KOG1836,3,3,NONE,NONE,NONE,NONE,Q00174;Q8IP51;X2JAW6,Q00174,E7F7D6;E7FCK1;F1QV32;F1QWH4;F1QYU0;Q1LVF0;Q1MTD2,E7F7D6;F1QV32;F1QWH4;F1QYU0;Q1LVF0,Q9Y2I2;P25391;Q16787;P24043;O15230;O75445;P11047,P25391;Q16787;P24043;O15230;P11047,NONE,NONE,NONE,NONE
ENOG410IQJI,3,3,NONE,NONE,NONE,NONE,P34082,P34082,B3DH85,B3DH85,P13591,P13591,NONE,NONE,NONE,NONE
KOG3932,3,1,NONE,NONE,NONE,NONE,Q9Y0G0,ZERO,B3DH98;F1Q6W4;Q568S1;Q1LWT0;Q6DEG2,ZERO,Q15078;Q13319,Q15078,NONE,NONE,NONE,NONE
ENOG410IDZV,3,1,NONE,NONE,NONE,NONE,Q9U999,ZERO,B7ZDE9,B7ZDE9,P42858,ZERO,NONE,NONE,NONE,NONE
KOG1701,3,1,NONE,NONE,NONE,NONE,H9XVP5;M9MSC9,ZERO,B8K0C8;E7F2R2;E7F918;E7F9K1;E7FFI0;F1QC03;F1QSX8,ZERO,Q8WUP2;Q9UGP4;Q15654;Q96IF1;Q15942,Q8WUP2;Q15654;Q96IF1;Q15942,NONE,NONE,NONE,NONE
ENOG410KCZ0,3,1,NONE,NONE,NONE,NONE,Q9V780,ZERO,E7EYJ7;E7EZZ0;F1RDY4,ZERO,Q96NW7;Q96RT1;Q14160;Q9BTT6,Q96RT1;Q14160,NONE,NONE,NONE,NONE
ENOG410IQJM,3,1,NONE,NONE,NONE,NONE,Q0E9J2;M9PHS6;Q6IDE9,ZERO,E7F080,ZERO,Q8TD84;O60469,Q8TD84;O60469,NONE,NONE,NONE,NONE
ENOG410IFMW,3,1,NONE,NONE,NONE,NONE,M9MSF4,ZERO,E7F1A4;E7F243;E7FAY9;F1R574,ZERO,Q86SQ0,Q86SQ0,NONE,NONE,NONE,NONE
ENOG410IFQQ,3,2,NONE,NONE,NONE,NONE,Q9U3W8,ZERO,E7F1S4;E7FFR1;E9QHD3;F1QEE7;F1QKL1;F1R1P9;F1REJ8;F8W5Z7;Q1L8P7,E7F1S4;E7FFR1;E9QHD3;F1QEE7;F1QKL1;F1R1P9;F1REJ8;F8W5Z7;Q1L8P7,P35442;P35443;P49746;P49747;P07996,P35442;P35443;P49746;P49747;P07996,NONE,NONE,NONE,NONE
ENOG410IEAI,3,1,NONE,NONE,NONE,NONE,Q9VTZ5;Q9VWV6,ZERO,E7F2E3;F1R858;F1R9Z0,ZERO,P08582;P02787;V9HWI4,P08582,NONE,NONE,NONE,NONE
KOG0790,3,1,NONE,NONE,NONE,NONE,P29349,ZERO,E7F3D4;F1QJ66;F1QZU5;F1R1Z7,ZERO,P29350;Q06124,P29350;Q06124,NONE,NONE,NONE,NONE
KOG3727,3,3,NONE,NONE,NONE,NONE,Q9VVD2;Q9VZI3,Q9VZI3,E7F448;F1Q8X5;F1QME1;F1QPN5,F1Q8X5,Q96AC1;Q86UX7;Q9BQL6,Q96AC1;Q86UX7;Q9BQL6,NONE,NONE,NONE,NONE
ENOG410IWIJ,3,2,NONE,NONE,NONE,NONE,Q9VTB5,ZERO,E7F552;E7FE82,E7FE82,Q92982,Q92982,NONE,NONE,NONE,NONE
ENOG410IEMS,3,1,NONE,NONE,NONE,NONE,Q23985,ZERO,E7F6B0;F1QI34;F1R0M2;H9GXM0,ZERO,Q9Y2E6;Q86Y01;Q86UW9,Q86Y01,NONE,NONE,NONE,NONE
KOG3729,3,1,NONE,NONE,NONE,NONE,Q8IMM8,ZERO,E7F6M7,ZERO,Q9HCL2,Q9HCL2,NONE,NONE,NONE,NONE
ENOG410IGAV,3,1,NONE,NONE,NONE,NONE,M9PBR4,ZERO,E7F9Q9,ZERO,O95876,O95876,NONE,NONE,NONE,NONE
KOG3919,3,1,NONE,NONE,NONE,NONE,Q9TVM9,ZERO,E7FBD4;Q5RJ41;Q6PBT3,ZERO,Q99689;Q9UHY8,Q99689,NONE,NONE,NONE,NONE
ENOG410IEDD,3,1,NONE,NONE,NONE,NONE,Q95U71,ZERO,E7FDI1;F1QGE5;F1QLK3,ZERO,P56945;Q14511,P56945;Q14511,NONE,NONE,NONE,NONE
KOG0099,3,1,NONE,NONE,NONE,NONE,P20354;Q05337,ZERO,F1Q7H3;F1QWX1;F1RE11,ZERO,Q5JWF2;P38405,Q5JWF2,NONE,NONE,NONE,NONE
ENOG410IFV2,3,1,NONE,NONE,NONE,NONE,Q9VDF4,ZERO,F1Q932;F1QUW9,ZERO,P14317;Q14247,Q14247,NONE,NONE,NONE,NONE
ENOG410IDYF,3,1,NONE,NONE,NONE,NONE,Q9V9W8,Q9V9W8,F1Q961,ZERO,Q9Y3Y4,ZERO,NONE,NONE,NONE,NONE
ENOG410IKSW,3,1,NONE,NONE,NONE,NONE,Q9VU34,ZERO,F1QAZ3;F1QZY4,ZERO,Q8IY33,Q8IY33,NONE,NONE,NONE,NONE
KOG1899,3,1,NONE,NONE,NONE,NONE,Q9VU88,ZERO,F1QB48;F1QBQ0;F1RER5;Q1LUM4,ZERO,Q8ND30;Q86W92,Q86W92,NONE,NONE,NONE,NONE
ENOG410IHIH,3,1,NONE,NONE,NONE,NONE,Q9VM64,ZERO,F1QGR0;Q1L8D0,ZERO,Q9BWV1;Q4KMG0,Q9BWV1;Q4KMG0,NONE,NONE,NONE,NONE
KOG0617,3,1,NONE,NONE,NONE,NONE,Q9V428,ZERO,F1QL43,ZERO,Q15404,Q15404,NONE,NONE,NONE,NONE
KOG2272,3,1,NONE,NONE,NONE,NONE,Q8IGP6,ZERO,F1QQT3;F1R9E2,ZERO,P48059;Q7Z4I7,P48059;Q7Z4I7,NONE,NONE,NONE,NONE
ENOG410IF2R,3,1,NONE,NONE,NONE,NONE,Q8SXU2,ZERO,F1QRG8;Q503J8,ZERO,O00255,O00255,NONE,NONE,NONE,NONE
ENOG410II9W,3,1,NONE,NONE,NONE,NONE,Q24342,ZERO,F1QXC7;Q5YB40;Q8JHF2,ZERO,Q8NES3;O00587;Q9Y644,Q8NES3,NONE,NONE,NONE,NONE
ENOG410IFQB,3,1,NONE,NONE,NONE,NONE,Q7YTZ3,ZERO,F1QYL7;F1RDN4,F1QYL7,Q8IZA0;Q5VV43,ZERO,NONE,NONE,NONE,NONE
ENOG410IGHK,3,2,NONE,NONE,NONE,NONE,G7H830,ZERO,F1R6V1;Q5PQZ7;Q6JWV8,Q5PQZ7,Q9HBV1;Q8NE79;Q9HBU9,Q8NE79,NONE,NONE,NONE,NONE
KOG4024,3,1,NONE,NONE,NONE,NONE,Q7JXC4,ZERO,F1R968,ZERO,Q07021,Q07021,NONE,NONE,NONE,NONE
KOG1544,3,2,NONE,NONE,NONE,NONE,Q7JWQ7,ZERO,Q1LUC6,Q1LUC6,Q9GZM7;Q9UJW2,Q9GZM7;Q9UJW2,NONE,NONE,NONE,NONE
ENOG410IH04,3,2,NONE,NONE,NONE,NONE,X2J9V3,ZERO,Q6UFS5;Q90ZE2,Q90ZE2,Q96F45;Q9H7S9,Q9H7S9,NONE,NONE,NONE,NONE
KOG4289,3,2,NONE,NONE,NONE,NONE,A0A0B4LG27,ZERO,F1QBS8;F1R8J2;F1QT64;F1QKG4;E7F8M8,F1QBS8;F1R8J2;F1QT64;F1QKG4,Q9NYQ6;Q9NYQ7;Q9HCU4,Q9NYQ6;Q9NYQ7;Q9HCU4,NONE,NONE,NONE,NONE
KOG4221,3,1,NONE,NONE,NONE,NONE,A1Z920,ZERO,F1QIC3;E7EY73;E7F004;E7FH26;F1R7A1;E7F4F0;F1QXD0;H9GZ81;F1R5Z2;F1Q4R3;E7FBH8;F1RAD6;E7EYH2,ZERO,Q2VWP7;Q4ZHG4;P43146;Q92859;Q8TDY8,Q92859,NONE,NONE,NONE,NONE
KOG2437,3,1,NONE,NONE,NONE,NONE,Q8MR83,ZERO,NONE,NONE,Q9UL63,Q9UL63,NONE,NONE,O13730,ZERO
KOG0527,3,1,NONE,NONE,NONE,NONE,NONE,NONE,Q90XD1;Q9I9C8;E7F9F4;Q6P0Z4;F1RDG6;Q5TZG4;E7F9U3;Q2Z1R2;E7F9I2;Q7SZW4;Q6DGL6;F1QDZ3;F1REC9,ZERO,A0A024R1N6;A0A0A6YYK5;A7WPU8;O15370;O60248;P35713;P41225;P48436;P57073,P48436,P25042,ZERO,NONE,NONE
ENOG410IGEY,3,1,NONE,NONE,NONE,NONE,NONE,NONE,B0V1K8,ZERO,F5H5G0;P14902,P14902,P47125,ZERO,NONE,NONE
ENOG410IUMP,2,1,F4J9M5;F4K128,ZERO,NONE,NONE,NONE,NONE,NONE,NONE,NONE,NONE,P22082,P22082,NONE,NONE
ENOG410IR3Y,2,1,Q94CE5,Q94CE5,NONE,NONE,NONE,NONE,NONE,NONE,NONE,NONE,NONE,NONE,O94562,ZERO
ENOG410J161,2,1,NONE,NONE,NONE,NONE,Q8INZ5,ZERO,NONE,NONE,A0A024R629,A0A024R629,NONE,NONE,NONE,NONE
ENOG410J0D7,2,1,NONE,NONE,NONE,NONE,B7Z0S7,ZERO,NONE,NONE,Q9NZG7,Q9NZG7,NONE,NONE,NONE,NONE
ENOG410IWCU,2,1,NONE,NONE,NONE,NONE,M9PET7,ZERO,NONE,NONE,Q9NUP1,Q9NUP1,NONE,NONE,NONE,NONE
ENOG410IH6U,2,1,NONE,NONE,NONE,NONE,Q8MUJ1,ZERO,NONE,NONE,Q92838,Q92838,NONE,NONE,NONE,NONE
ENOG410IJXD,2,1,NONE,NONE,NONE,NONE,Q9VMC3,ZERO,NONE,NONE,Q8NCG5;Q9GZS9;Q9GZX3,Q8NCG5,NONE,NONE,NONE,NONE
ENOG410IJI4,2,1,NONE,NONE,NONE,NONE,NONE,NONE,F1QA01;F1R016;F1QRB6;E7F9K7;F1R046;F1QJZ0,ZERO,A0A024R038;A0A024R042;Q13410;O00481;Q7KYR7;Q6UXG8,O00481,NONE,NONE,NONE,NONE
ENOG410IX15,2,1,NONE,NONE,NONE,NONE,NONE,NONE,B0V329;E7EZ39;E7F9I9;F1QR68;F1QMT9;E9QGL0;B0V330;F1Q7H2;B0V325;E9QBV7;E7F9I5;B0V326,ZERO,A0A024R052,A0A024R052,NONE,NONE,NONE,NONE
ENOG410IGN4,2,2,NONE,NONE,NONE,NONE,NONE,NONE,F1QF94,F1QF94,A0A024R127;Q86WK6,Q86WK6,NONE,NONE,NONE,NONE
ENOG410IKX5,2,1,NONE,NONE,NONE,NONE,NONE,NONE,F1RBK5;F1R342;Q566P1,ZERO,A0A024R1J0;P60827;Q9BXJ1,Q9BXJ1,NONE,NONE,NONE,NONE
KOG0994,2,2,NONE,NONE,NONE,NONE,NONE,NONE,B7ZDA6;F1QKX8;F1R117;H9GZC8;E7EXX6;A2CEV2;F1QSF0;F1QMK5;F1REG9;H9GYC7;F1QBB3;F1REL9,F1QBB3,A0A024R319;A4D0S4;Q13751;Q9HB63;Q9H1U4;P07942,A4D0S4;Q13751;P07942,NONE,NONE,NONE,NONE
ENOG410IFXA,2,1,NONE,NONE,NONE,NONE,NONE,NONE,Q1L944;B3DK67;F1RDY1;B0R0I5;A8WG47;A5PKT3;E7F6N1,ZERO,A0A024R380;P23435;Q9NTU7,P23435,NONE,NONE,NONE,NONE
ENOG410IU94,2,1,NONE,NONE,NONE,NONE,NONE,NONE,E7FBR7,ZERO,A0A024R3K1,A0A024R3K1,NONE,NONE,NONE,NONE
ENOG410IG3Z,2,1,NONE,NONE,NONE,NONE,NONE,NONE,F1R4W0;F1R682;E7F3Z7,ZERO,A0A024R3Y1;A6XAA7,A6XAA7,NONE,NONE,NONE,NONE
ENOG410IJT6,2,1,NONE,NONE,NONE,NONE,NONE,NONE,E7FGH6,ZERO,A0A024R4K4;Q08ET2;O15389;Q546G0;Q9Y286;Q96PQ1;Q9NYZ4;Q96LC7;Q96RL6;Q9Y336,Q08ET2;O15389;Q9Y286;Q96PQ1;Q9NYZ4;Q96LC7;Q96RL6;Q9Y336,NONE,NONE,NONE,NONE
ENOG410IXUQ,2,1,NONE,NONE,NONE,NONE,NONE,NONE,Q4V925;E7FBJ6,ZERO,A0A024R562,A0A024R562,NONE,NONE,NONE,NONE
ENOG410IFFP,2,1,NONE,NONE,NONE,NONE,NONE,NONE,F1QIX1;F1QEY4,ZERO,A0A024R5H1;A6ND01;P14207,A6ND01,NONE,NONE,NONE,NONE
ENOG410IWNA,2,1,NONE,NONE,NONE,NONE,NONE,NONE,Q502U6,ZERO,A0A024R778,A0A024R778,NONE,NONE,NONE,NONE
ENOG410IPHM,2,2,NONE,NONE,NONE,NONE,NONE,NONE,F1R4N6;F6PEJ8;F1R8F2;F1RCN3;E7F9T6,F1R4N6;F6PEJ8;F1R8F2;F1RCN3;E7F9T6,A0A024R7C1;P05362;Q9UMF0,A0A024R7C1;P05362;Q9UMF0,NONE,NONE,NONE,NONE
ENOG410IJ1R,2,2,NONE,NONE,NONE,NONE,NONE,NONE,F1QR32;F1QEZ8,F1QR32;F1QEZ8,A0A024R7M3,A0A024R7M3,NONE,NONE,NONE,NONE
ENOG410IS44,2,2,NONE,NONE,NONE,NONE,NONE,NONE,F1QA53;E7FEN4,F1QA53;E7FEN4,A0A024R8Y9,A0A024R8Y9,NONE,NONE,NONE,NONE
ENOG410IF28,2,2,NONE,NONE,NONE,NONE,NONE,NONE,E7FBW8,E7FBW8,A0A024RAK9,A0A024RAK9,NONE,NONE,NONE,NONE
ENOG410IJCV,2,1,NONE,NONE,NONE,NONE,NONE,NONE,A2BIP6,A2BIP6,A0A024RAP7,ZERO,NONE,NONE,NONE,NONE
ENOG410IFXS,2,2,NONE,NONE,NONE,NONE,NONE,NONE,F1QFM9;F1Q4Q0,F1QFM9;F1Q4Q0,A0A024RAQ9,A0A024RAQ9,NONE,NONE,NONE,NONE
ENOG410IH77,2,1,NONE,NONE,NONE,NONE,NONE,NONE,E7F8S9,ZERO,A0A024RB73,A0A024RB73,NONE,NONE,NONE,NONE
ENOG410IF3Y,2,2,NONE,NONE,NONE,NONE,NONE,NONE,Q56JH6,Q56JH6,A0A024RBC0,A0A024RBC0,NONE,NONE,NONE,NONE
ENOG410J1MW,2,1,NONE,NONE,NONE,NONE,NONE,NONE,Q6DBW9,Q6DBW9,A0A024RC16,ZERO,NONE,NONE,NONE,NONE
ENOG410IG4T,2,2,NONE,NONE,NONE,NONE,NONE,NONE,F1QVB2,F1QVB2,A0A024RC58,A0A024RC58,NONE,NONE,NONE,NONE
ENOG410IK27,2,1,NONE,NONE,NONE,NONE,NONE,NONE,E7F124,ZERO,A0A024RDK6,A0A024RDK6,NONE,NONE,NONE,NONE
ENOG410IKJ2,2,1,NONE,NONE,NONE,NONE,NONE,NONE,F1QC17;F8W4C7,ZERO,A0A0C4DFX3,A0A0C4DFX3,NONE,NONE,NONE,NONE
ENOG410IWG3,2,1,NONE,NONE,NONE,NONE,NONE,NONE,Q1MTC8;E7FDY0;F1QNN2;F1R4E8;F1QVI4,ZERO,A0A0D5XQ77;A0A0G2JH31;A0A0G2JJQ8;A2ADX3;D7RIG5;I4EC15;P04440;P05538;P13765;P79483;Q30154;Q5QNS2;Q5Y7D1;S6B261;Q5Y7D3;Q5EP54;X5D2U9;Q5Y7D6;X5DNQ0,P04440;P05538;P79483;Q30154,NONE,NONE,NONE,NONE
ENOG410IQJE,2,1,NONE,NONE,NONE,NONE,NONE,NONE,A0A4W4,ZERO,Q7Z3B1,Q7Z3B1,NONE,NONE,NONE,NONE
ENOG410IE41,2,1,NONE,NONE,NONE,NONE,NONE,NONE,F1Q6R0;F1R2U7,ZERO,A0N0R2;P49682,P49682,NONE,NONE,NONE,NONE
ENOG410IGEM,2,1,NONE,NONE,NONE,NONE,NONE,NONE,A1A5V5;F1R280,ZERO,P55085,P55085,NONE,NONE,NONE,NONE
ENOG410IY7G,2,1,NONE,NONE,NONE,NONE,NONE,NONE,A2AR64;F1R6Q9,ZERO,P15529,P15529,NONE,NONE,NONE,NONE
ENOG410IF4N,2,2,NONE,NONE,NONE,NONE,NONE,NONE,A2CEW3;B0S602,B0S602,P02751,P02751,NONE,NONE,NONE,NONE
ENOG410IIS5,2,2,NONE,NONE,NONE,NONE,NONE,NONE,A2CF10,A2CF10,Q9GZV7,Q9GZV7,NONE,NONE,NONE,NONE
ENOG410IFBC,2,1,NONE,NONE,NONE,NONE,NONE,NONE,A2RRT1;A4QP32;F1QBK2,ZERO,Q08431;O43854,Q08431;O43854,NONE,NONE,NONE,NONE
ENOG410IF9Q,2,1,NONE,NONE,NONE,NONE,NONE,NONE,Q6NW94;A6H8Q3,ZERO,A2RUH7;Q13203,Q13203,NONE,NONE,NONE,NONE
ENOG410IVSV,2,1,NONE,NONE,NONE,NONE,NONE,NONE,A2RUV7;E7F822;E7FF05;E9QHC1;F1QAQ1;F1QC07;F1QF32;F1QXT1;F1QY79;F1QZI0;F1R7C1;F1R7Y6;F1R803;F1RBL8;F1RCU2;F1RDV1,ZERO,P55259;P07911,P07911,NONE,NONE,NONE,NONE
ENOG410IF61,2,1,NONE,NONE,NONE,NONE,NONE,NONE,A3KP94;E7EXK5;F1R3L0;F1R8V9,ZERO,Q8NHY0;Q00973,Q8NHY0,NONE,NONE,NONE,NONE
ENOG410IHIF,2,2,NONE,NONE,NONE,NONE,NONE,NONE,A3KQB0;F1R2G7,A3KQB0;F1R2G7,B2R672,B2R672,NONE,NONE,NONE,NONE
ENOG410IJET,2,1,NONE,NONE,NONE,NONE,NONE,NONE,A4JYK5;Q1LVH3,ZERO,Q9Y639;P35613,Q9Y639,NONE,NONE,NONE,NONE
ENOG410IK1W,2,1,NONE,NONE,NONE,NONE,NONE,NONE,A4QP34;E7F2W8;E7F9M9;E7FD47;E9QGV2;F1Q6X1,ZERO,P58335;Q9H6X2,Q9H6X2,NONE,NONE,NONE,NONE
ENOG410IG63,2,1,NONE,NONE,NONE,NONE,NONE,NONE,F1R6Z2,ZERO,A5JSJ9,A5JSJ9,NONE,NONE,NONE,NONE
ENOG410IF5X,2,2,NONE,NONE,NONE,NONE,NONE,NONE,A5PF62;F1QWG7,A5PF62,Q5TEJ8,Q5TEJ8,NONE,NONE,NONE,NONE
ENOG410IIKS,2,2,NONE,NONE,NONE,NONE,NONE,NONE,A5PMX0,A5PMX0,P19320,P19320,NONE,NONE,NONE,NONE
KOG4225,2,1,NONE,NONE,NONE,NONE,NONE,NONE,A5WWD9;E7F1U2;F1Q5K7;F1QBW0;F6NJS7,ZERO,Q9BX66;P19878;Q86UR1;Q6XZF7,Q9BX66,NONE,NONE,NONE,NONE
ENOG410IHC8,2,1,NONE,NONE,NONE,NONE,NONE,NONE,A5WWE9,ZERO,O43155,O43155,NONE,NONE,NONE,NONE
ENOG410IVV0,2,1,NONE,NONE,NONE,NONE,NONE,NONE,A5WWL5;A5WWL8;E7F0V7;E7F4E3;E7F5W2;E7F666;E7F9H6;E7F9H8;E9QBU3;E9QBZ3;E9QC59;E9QCT1;F1Q5C2;F1QBY5;F1QC90;F1QFH9;F1QFI0;F1QI08;F1QID2;F1QKX2;F1QLK7;F1QNS7;F1QT42;F1QW41;F1QYR8;F1QYU3;F1R2Q5;F1R305;F1R4Q8;F1R4R0;F1R5N5;F1R689;F1R690;F1R691;F1R6A6;F1R6A8;F1R6W7;F1R9F6;F1RAD5;F6NQ31;F8W5Q1;H9GXS8;H9GY83;H9GYN6;H9GZ19;H9GZ91;H9GZ92;Q1L8Z8;Q1L8Z9;Q1LXF9,ZERO,Q9UIB8,Q9UIB8,NONE,NONE,NONE,NONE
ENOG410INS5,2,1,NONE,NONE,NONE,NONE,NONE,NONE,B0V349,ZERO,A6NM45;Q8N7P3;C9JDP6,Q8N7P3,NONE,NONE,NONE,NONE
ENOG410IES5,2,1,NONE,NONE,NONE,NONE,NONE,NONE,A8B8L1,ZERO,Q15306,Q15306,NONE,NONE,NONE,NONE
ENOG410IEPS,2,1,NONE,NONE,NONE,NONE,NONE,NONE,F1QRC6,ZERO,A8K7I4;Q14CN2;Q9UQC9,Q9UQC9,NONE,NONE,NONE,NONE
ENOG410IF1N,2,1,NONE,NONE,NONE,NONE,NONE,NONE,A8WH79,ZERO,P40189,P40189,NONE,NONE,NONE,NONE
ENOG410IGBQ,2,1,NONE,NONE,NONE,NONE,NONE,NONE,A8WHA2;F1QH70,ZERO,P24394,P24394,NONE,NONE,NONE,NONE
ENOG410J12H,2,1,NONE,NONE,NONE,NONE,NONE,NONE,A8WHV1,ZERO,Q9H4X1,Q9H4X1,NONE,NONE,NONE,NONE
ENOG410IK6F,2,1,NONE,NONE,NONE,NONE,NONE,NONE,A8WHY5;B0I1T8,ZERO,Q2TAL6,Q2TAL6,NONE,NONE,NONE,NONE
ENOG410IWZ9,2,2,NONE,NONE,NONE,NONE,NONE,NONE,A9JRC6;F1QBK4;F1QD21;F1QNJ2;F1QZ27,F1QD21;F1QZ27,P41217,P41217,NONE,NONE,NONE,NONE
ENOG410II8R,2,1,NONE,NONE,NONE,NONE,NONE,NONE,A9JRD6;B0UYR0,ZERO,P09603,P09603,NONE,NONE,NONE,NONE
ENOG410IFCE,2,2,NONE,NONE,NONE,NONE,NONE,NONE,B0F6R3;F1QTW2,B0F6R3,Q8N126;Q8N3J6,Q8N126;Q8N3J6,NONE,NONE,NONE,NONE
ENOG410IS3J,2,1,NONE,NONE,NONE,NONE,NONE,NONE,B0R0P1,ZERO,Q9ULY5,Q9ULY5,NONE,NONE,NONE,NONE
ENOG410II7Q,2,2,NONE,NONE,NONE,NONE,NONE,NONE,B0UX50;E7F376;E7F743;F1QAA1,B0UX50;E7F376;E7F743;F1QAA1,O60245;Q08174,O60245;Q08174,NONE,NONE,NONE,NONE
ENOG410IZMF,2,1,NONE,NONE,NONE,NONE,NONE,NONE,F1R0K2;Q1MTC7;F1QYA3;F1QNM9;Q8WM94;F1QNN0;Q5XJ70,ZERO,B0UXD8;X5CKE2;Q5Y7D2;P01906;P01903;Q30063;Q08AS3;P01909;Q5Y7H0,P01906;P01903;P01909,NONE,NONE,NONE,NONE
ENOG410IG4H,2,1,NONE,NONE,NONE,NONE,NONE,NONE,B0UYH7;F1RAT1,ZERO,Q92990,Q92990,NONE,NONE,NONE,NONE
ENOG410IE4J,2,1,NONE,NONE,NONE,NONE,NONE,NONE,B0V0J5;F1QJ26;F1QMZ0;F1QNI8;F1QQQ7;F1QUS3;F1R003,ZERO,Q12836;V9HWI9,Q12836,NONE,NONE,NONE,NONE
ENOG410IDXS,2,1,NONE,NONE,NONE,NONE,NONE,NONE,B0V233;F1QR75,ZERO,P57087,P57087,NONE,NONE,NONE,NONE
ENOG410IWTV,2,1,NONE,NONE,NONE,NONE,NONE,NONE,B0V3D1;B0V3D2;B0V3D3;B0V3D4;Q90466,ZERO,Q5TA89,Q5TA89,NONE,NONE,NONE,NONE
ENOG410IKU1,2,1,NONE,NONE,NONE,NONE,NONE,NONE,B3DHC5;F1QCG1,ZERO,P06727,P06727,NONE,NONE,NONE,NONE
ENOG410IIAD,2,1,NONE,NONE,NONE,NONE,NONE,NONE,E7FE12;E7F059,ZERO,B5B2S1;Q14934,B5B2S1,NONE,NONE,NONE,NONE
ENOG410IIEA,2,1,NONE,NONE,NONE,NONE,NONE,NONE,B8A507;F1QF54;F1QMS9,ZERO,Q9NZU0;Q9NZU1,Q9NZU0;Q9NZU1,NONE,NONE,NONE,NONE
ENOG410IR6Z,2,2,NONE,NONE,NONE,NONE,NONE,NONE,B8A5G4,B8A5G4,Q6UXI9,Q6UXI9,NONE,NONE,NONE,NONE
ENOG410IF0U,2,1,NONE,NONE,NONE,NONE,NONE,NONE,B8A697;E7FGL5;F1Q9Y9;F1R442;Q7T2A9,ZERO,P09917;Q9BYJ1;O75342;P18054;O15296,P18054,NONE,NONE,NONE,NONE
ENOG410IPB5,2,2,NONE,NONE,NONE,NONE,NONE,NONE,B8JLK8,B8JLK8,L7RXH0,L7RXH0,NONE,NONE,NONE,NONE
ENOG410IFI6,2,2,NONE,NONE,NONE,NONE,NONE,NONE,B8JM11,B8JM11,P16422;P09758,P16422;P09758,NONE,NONE,NONE,NONE
ENOG410IGFI,2,2,NONE,NONE,NONE,NONE,NONE,NONE,D3GE88;F1QW52;G8CXX6,D3GE88,P00749,P00749,NONE,NONE,NONE,NONE
ENOG410IRWM,2,2,NONE,NONE,NONE,NONE,NONE,NONE,E0CZJ3;F6P8Y7,F6P8Y7,Q8WWQ8,Q8WWQ8,NONE,NONE,NONE,NONE
ENOG410IIJR,2,2,NONE,NONE,NONE,NONE,NONE,NONE,E7EXG8;Q6P0U4;Q7T2P4;Q90XR2;Q90XR9;Q9YH91;Q90XR8,Q9YH91,Q75L80;O95484;P56747;Q75L79,O95484;P56747;Q75L79,NONE,NONE,NONE,NONE
ENOG410IIZ7,2,2,NONE,NONE,NONE,NONE,NONE,NONE,E7EXK7;E7F1D5,E7EXK7;E7F1D5,Q7RTW8,Q7RTW8,NONE,NONE,NONE,NONE
ENOG410IGR7,2,2,NONE,NONE,NONE,NONE,NONE,NONE,E7EXR1;Q58EG3,E7EXR1;Q58EG3,Q9NQS3,Q9NQS3,NONE,NONE,NONE,NONE
ENOG410IESB,2,1,NONE,NONE,NONE,NONE,NONE,NONE,E7EY51,ZERO,O95727,O95727,NONE,NONE,NONE,NONE
ENOG410IIA7,2,1,NONE,NONE,NONE,NONE,NONE,NONE,E7EY85;Q1LV63;Q1LX14,ZERO,Q99500;P21453,P21453,NONE,NONE,NONE,NONE
ENOG410IW98,2,1,NONE,NONE,NONE,NONE,NONE,NONE,E7EYF5,ZERO,Q53F96,Q53F96,NONE,NONE,NONE,NONE
ENOG410IDXM,2,1,NONE,NONE,NONE,NONE,NONE,NONE,E7EYK9,ZERO,Q9NUG4,Q9NUG4,NONE,NONE,NONE,NONE
ENOG410IFAC,2,2,NONE,NONE,NONE,NONE,NONE,NONE,E7EYM4,E7EYM4,O60279,O60279,NONE,NONE,NONE,NONE
ENOG410INAS,2,1,NONE,NONE,NONE,NONE,NONE,NONE,E7EZR2,ZERO,O75995,O75995,NONE,NONE,NONE,NONE
ENOG410IJZ0,2,1,NONE,NONE,NONE,NONE,NONE,NONE,E7F1E8,ZERO,O75056,O75056,NONE,NONE,NONE,NONE
ENOG410J15A,2,1,NONE,NONE,NONE,NONE,NONE,NONE,E7F1G6;Q04475,ZERO,P61769,P61769,NONE,NONE,NONE,NONE
ENOG410IGMJ,2,1,NONE,NONE,NONE,NONE,NONE,NONE,E7F1G7;E7FFN0;M9MMA3,ZERO,Q86WK7,Q86WK7,NONE,NONE,NONE,NONE
ENOG410IEDN,2,1,NONE,NONE,NONE,NONE,NONE,NONE,E7F1V4,ZERO,O43281,O43281,NONE,NONE,NONE,NONE
ENOG410IK9E,2,1,NONE,NONE,NONE,NONE,NONE,NONE,E7F2C2,ZERO,P30203,P30203,NONE,NONE,NONE,NONE
ENOG410IFYD,2,1,NONE,NONE,NONE,NONE,NONE,NONE,E7F2G6;E7FET7,ZERO,Q9BPV8;Q9H244,Q9H244,NONE,NONE,NONE,NONE
ENOG410IGPV,2,1,NONE,NONE,NONE,NONE,NONE,NONE,E7F301;F1QLC3;F1RBZ4;Q1RLV2,F1RBZ4,Q5JVE7;P00740,ZERO,NONE,NONE,NONE,NONE
ENOG410IJXC,2,1,NONE,NONE,NONE,NONE,NONE,NONE,E7F357;E7FAL1,ZERO,P56880,P56880,NONE,NONE,NONE,NONE
ENOG410IFBK,2,1,NONE,NONE,NONE,NONE,NONE,NONE,E7F394,ZERO,Q01201,Q01201,NONE,NONE,NONE,NONE
ENOG410J09B,2,1,NONE,NONE,NONE,NONE,NONE,NONE,E7F4C4;F1QBE9,ZERO,O15444,O15444,NONE,NONE,NONE,NONE
ENOG410ITA8,2,1,NONE,NONE,NONE,NONE,NONE,NONE,E7F4K6,ZERO,O60759,O60759,NONE,NONE,NONE,NONE
ENOG410IFJ9,2,1,NONE,NONE,NONE,NONE,NONE,NONE,E7F5E8;E9QEG4,ZERO,Q9NSI5,Q9NSI5,NONE,NONE,NONE,NONE
ENOG410IQBC,2,1,NONE,NONE,NONE,NONE,NONE,NONE,E7F5V6;E7FGC6,ZERO,Q9HB29,Q9HB29,NONE,NONE,NONE,NONE
ENOG410IGQI,2,1,NONE,NONE,NONE,NONE,NONE,NONE,E7F5Y7;F1QYD7,ZERO,Q9BX67,Q9BX67,NONE,NONE,NONE,NONE
ENOG410J02A,2,1,NONE,NONE,NONE,NONE,NONE,NONE,E7F605,ZERO,Q9ULZ3,Q9ULZ3,NONE,NONE,NONE,NONE
ENOG410IIB8,2,2,NONE,NONE,NONE,NONE,NONE,NONE,E7F6D0;F1RDX4,E7F6D0;F1RDX4,Q92692,Q92692,NONE,NONE,NONE,NONE
ENOG410IMYX,2,2,NONE,NONE,NONE,NONE,NONE,NONE,E7F6D3,E7F6D3,Q14112,Q14112,NONE,NONE,NONE,NONE
ENOG410IZCP,2,2,NONE,NONE,NONE,NONE,NONE,NONE,E7F6T0;E7FBG3,E7F6T0;E7FBG3,P16070,P16070,NONE,NONE,NONE,NONE
ENOG410IE9P,2,1,NONE,NONE,NONE,NONE,NONE,NONE,E7F7J7,ZERO,Q14956,Q14956,NONE,NONE,NONE,NONE
ENOG410IJMD,2,1,NONE,NONE,NONE,NONE,NONE,NONE,E7F7V3;F1R5Y9,ZERO,Q9H792,Q9H792,NONE,NONE,NONE,NONE
ENOG410J0PX,2,1,NONE,NONE,NONE,NONE,NONE,NONE,E7F804,ZERO,Q9Y5U5,Q9Y5U5,NONE,NONE,NONE,NONE
ENOG410IJCK,2,2,NONE,NONE,NONE,NONE,NONE,NONE,E7F8X0,E7F8X0,O60687,O60687,NONE,NONE,NONE,NONE
ENOG410IFFV,2,1,NONE,NONE,NONE,NONE,NONE,NONE,E7F9B5,ZERO,Q8N6Y1,Q8N6Y1,NONE,NONE,NONE,NONE
ENOG410IEA0,2,1,NONE,NONE,NONE,NONE,NONE,NONE,E7F9S0;F1QDN2;F1R7D0;F1R7L8,ZERO,O60242;O14514;O60241,O14514,NONE,NONE,NONE,NONE
ENOG410IR8A,2,2,NONE,NONE,NONE,NONE,NONE,NONE,E7F9Z1,E7F9Z1,P04275,P04275,NONE,NONE,NONE,NONE
ENOG410IW89,2,1,NONE,NONE,NONE,NONE,NONE,NONE,E7FAA2;E7FCE8,ZERO,Q9UM44,Q9UM44,NONE,NONE,NONE,NONE
ENOG410IEJ0,2,1,NONE,NONE,NONE,NONE,NONE,NONE,E7FAR1,ZERO,Q9P266,Q9P266,NONE,NONE,NONE,NONE
ENOG410IVET,2,1,NONE,NONE,NONE,NONE,NONE,NONE,E7FBC0,ZERO,O43557,O43557,NONE,NONE,NONE,NONE
ENOG410IIJH,2,2,NONE,NONE,NONE,NONE,NONE,NONE,E7FBS3,E7FBS3,Q13421,Q13421,NONE,NONE,NONE,NONE
ENOG410IJS1,2,1,NONE,NONE,NONE,NONE,NONE,NONE,E7FD69;Q90X49,ZERO,Q76M96,Q76M96,NONE,NONE,NONE,NONE
ENOG410IKB5,2,1,NONE,NONE,NONE,NONE,NONE,NONE,E7FD88,ZERO,Q7Z7D3,Q7Z7D3,NONE,NONE,NONE,NONE
ENOG410IHVB,2,2,NONE,NONE,NONE,NONE,NONE,NONE,E7FDC8;F1RB07,F1RB07,Q96AP7,Q96AP7,NONE,NONE,NONE,NONE
ENOG410IG8H,2,1,NONE,NONE,NONE,NONE,NONE,NONE,E7FDH3,ZERO,Q9NQ75,Q9NQ75,NONE,NONE,NONE,NONE
ENOG410IHUZ,2,1,NONE,NONE,NONE,NONE,NONE,NONE,E7FG10,ZERO,E9PDY6,E9PDY6,NONE,NONE,NONE,NONE
ENOG410IQBP,2,1,NONE,NONE,NONE,NONE,NONE,NONE,E7FGE9,ZERO,Q03001,Q03001,NONE,NONE,NONE,NONE
ENOG410J1AA,2,1,NONE,NONE,NONE,NONE,NONE,NONE,E7FH56,ZERO,P19256,P19256,NONE,NONE,NONE,NONE
ENOG410IJQN,2,1,NONE,NONE,NONE,NONE,NONE,NONE,E9QBZ7;F1QFF0;F1RC14,ZERO,Q9NPY3;Q9HCU0,Q9NPY3,NONE,NONE,NONE,NONE
ENOG410IPB7,2,2,NONE,NONE,NONE,NONE,NONE,NONE,E9QDD7,E9QDD7,P56199,P56199,NONE,NONE,NONE,NONE
ENOG410IYZD,2,1,NONE,NONE,NONE,NONE,NONE,NONE,E9QDK2,ZERO,Q7Z6A9,Q7Z6A9,NONE,NONE,NONE,NONE
ENOG410IGXR,2,2,NONE,NONE,NONE,NONE,NONE,NONE,E9QDP8,E9QDP8,P16871,P16871,NONE,NONE,NONE,NONE
ENOG410IKIN,2,2,NONE,NONE,NONE,NONE,NONE,NONE,E9QED1,E9QED1,Q8NFZ8,Q8NFZ8,NONE,NONE,NONE,NONE
ENOG410IFE1,2,1,NONE,NONE,NONE,NONE,NONE,NONE,E9QJI4;F1R4F9,ZERO,P40199;P06731;Q14002;P13688;Q0Z7S6;Q2WEN9,P06731;P13688,NONE,NONE,NONE,NONE
ENOG410IFCI,2,1,NONE,NONE,NONE,NONE,NONE,NONE,F1Q545;F1Q615;F1R6I7;Q0IJ38,ZERO,Q00872;Q14324;Q14896,Q00872;Q14324;Q14896,NONE,NONE,NONE,NONE
ENOG410IENV,2,2,NONE,NONE,NONE,NONE,NONE,NONE,F1Q5I3,F1Q5I3,Q86UW8,Q86UW8,NONE,NONE,NONE,NONE
ENOG410IHIU,2,1,NONE,NONE,NONE,NONE,NONE,NONE,F1Q5X4;F1QRJ8,ZERO,O14525;O75129,O14525,NONE,NONE,NONE,NONE
ENOG410IY2Y,2,2,NONE,NONE,NONE,NONE,NONE,NONE,F1Q6K5;F1R1Q9;F1RAR8,F1Q6K5;F1R1Q9,Q08380,Q08380,NONE,NONE,NONE,NONE
ENOG410IZ5H,2,1,NONE,NONE,NONE,NONE,NONE,NONE,F1Q6Q0,ZERO,Q96B33,Q96B33,NONE,NONE,NONE,NONE
ENOG410IJ05,2,1,NONE,NONE,NONE,NONE,NONE,NONE,F1Q6R9;F1QDC8;F6NYV8,ZERO,P16410,P16410,NONE,NONE,NONE,NONE
ENOG410IGFH,2,1,NONE,NONE,NONE,NONE,NONE,NONE,F1Q709,ZERO,Q6UWV2,Q6UWV2,NONE,NONE,NONE,NONE
ENOG410INUD,2,2,NONE,NONE,NONE,NONE,NONE,NONE,F1Q7T2;F1R8A2,F1Q7T2,Q6IQ23,Q6IQ23,NONE,NONE,NONE,NONE
ENOG410IDXR,2,1,NONE,NONE,NONE,NONE,NONE,NONE,F1Q890;F1REK1;Q5XFY1,ZERO,P00747;G3XAK1;P14210;P08519,P00747,NONE,NONE,NONE,NONE
ENOG410IER3,2,1,NONE,NONE,NONE,NONE,NONE,NONE,F1Q8A2;F1QDN4,ZERO,Q6FHN8,Q6FHN8,NONE,NONE,NONE,NONE
ENOG410IIJU,2,1,NONE,NONE,NONE,NONE,NONE,NONE,F1Q9H3;F1QW38,ZERO,Q7Z7G0,Q7Z7G0,NONE,NONE,NONE,NONE
ENOG410IKIP,2,1,NONE,NONE,NONE,NONE,NONE,NONE,F1QA77,ZERO,P17181,P17181,NONE,NONE,NONE,NONE
ENOG410IR0P,2,1,NONE,NONE,NONE,NONE,NONE,NONE,F1QA83,ZERO,Q9BUD6,Q9BUD6,NONE,NONE,NONE,NONE
ENOG410IN3E,2,2,NONE,NONE,NONE,NONE,NONE,NONE,F1QBC0,F1QBC0,O15031,O15031,NONE,NONE,NONE,NONE
ENOG410IDXC,2,2,NONE,NONE,NONE,NONE,NONE,NONE,F1QBV4,F1QBV4,Q15762,Q15762,NONE,NONE,NONE,NONE
ENOG410IPB9,2,2,NONE,NONE,NONE,NONE,NONE,NONE,F1QC06,F1QC06,P17301,P17301,NONE,NONE,NONE,NONE
ENOG410IKNG,2,2,NONE,NONE,NONE,NONE,NONE,NONE,F1QD74,F1QD74,P15918,P15918,NONE,NONE,NONE,NONE
ENOG410IH4H,2,1,NONE,NONE,NONE,NONE,NONE,NONE,F1QD76;F1R5L1,F1QD76;F1R5L1,X5D8W0,ZERO,NONE,NONE,NONE,NONE
ENOG410IQJD,2,2,NONE,NONE,NONE,NONE,NONE,NONE,F1QDV1;H9GXH5,F1QDV1,O15394,O15394,NONE,NONE,NONE,NONE
ENOG410IFQ2,2,2,NONE,NONE,NONE,NONE,NONE,NONE,F1QE54;F1QWY8,F1QWY8,Q13740,Q13740,NONE,NONE,NONE,NONE
ENOG410IEIF,2,1,NONE,NONE,NONE,NONE,NONE,NONE,F1QEG5;F1QXX9,ZERO,P08F94;Q86WI1,P08F94,NONE,NONE,NONE,NONE
ENOG410IUBQ,2,1,NONE,NONE,NONE,NONE,NONE,NONE,F1QEZ1,ZERO,Q8WXG9,Q8WXG9,NONE,NONE,NONE,NONE
ENOG410IFJ7,2,1,NONE,NONE,NONE,NONE,NONE,NONE,F1QFB1,ZERO,P08567,P08567,NONE,NONE,NONE,NONE
ENOG410J23A,2,1,NONE,NONE,NONE,NONE,NONE,NONE,F1QG24,ZERO,P25445,P25445,NONE,NONE,NONE,NONE
ENOG410IJM9,2,1,NONE,NONE,NONE,NONE,NONE,NONE,F1QG28,ZERO,Q5DX21,Q5DX21,NONE,NONE,NONE,NONE
ENOG410IGK1,2,1,NONE,NONE,NONE,NONE,NONE,NONE,F1QGG9,ZERO,Q14393,Q14393,NONE,NONE,NONE,NONE
ENOG410IEU9,2,1,NONE,NONE,NONE,NONE,NONE,NONE,F1QGU3,ZERO,Q02297,Q02297,NONE,NONE,NONE,NONE
ENOG410IQ7E,2,1,NONE,NONE,NONE,NONE,NONE,NONE,F1QH81;Q8QHA3,ZERO,P78369,P78369,NONE,NONE,NONE,NONE
ENOG410J0KM,2,1,NONE,NONE,NONE,NONE,NONE,NONE,F1QH98,ZERO,Q13158,Q13158,NONE,NONE,NONE,NONE
ENOG410J0ID,2,2,NONE,NONE,NONE,NONE,NONE,NONE,F1QHD5,F1QHD5,P20963,P20963,NONE,NONE,NONE,NONE
ENOG410IP6C,2,1,NONE,NONE,NONE,NONE,NONE,NONE,F1QIJ3,ZERO,Q13753,Q13753,NONE,NONE,NONE,NONE
ENOG410IH06,2,1,NONE,NONE,NONE,NONE,NONE,NONE,F1QIK8,ZERO,P54851,P54851,NONE,NONE,NONE,NONE
ENOG410IIWF,2,1,NONE,NONE,NONE,NONE,NONE,NONE,F1QJD9,ZERO,Q7RTU9,Q7RTU9,NONE,NONE,NONE,NONE
ENOG410IP71,2,1,NONE,NONE,NONE,NONE,NONE,NONE,F1QKA9,ZERO,O95500,O95500,NONE,NONE,NONE,NONE
ENOG410IEDE,2,1,NONE,NONE,NONE,NONE,NONE,NONE,F1QKY4,ZERO,Q9H2X0,Q9H2X0,NONE,NONE,NONE,NONE
ENOG410IPB8,2,2,NONE,NONE,NONE,NONE,NONE,NONE,F1QL14,F1QL14,Q9UKX5,Q9UKX5,NONE,NONE,NONE,NONE
ENOG410IF5K,2,2,NONE,NONE,NONE,NONE,NONE,NONE,F1QLT7;F1RA13,F1QLT7;F1RA13,P29460,P29460,NONE,NONE,NONE,NONE
ENOG410IR2H,2,1,NONE,NONE,NONE,NONE,NONE,NONE,F1QM89,ZERO,Q5ZPR3,Q5ZPR3,NONE,NONE,NONE,NONE
ENOG410ITI1,2,1,NONE,NONE,NONE,NONE,NONE,NONE,F1QMH0;Q6NZV4,ZERO,P21291,P21291,NONE,NONE,NONE,NONE
ENOG410IJIS,2,1,NONE,NONE,NONE,NONE,NONE,NONE,F1QN52;H9GYA8,ZERO,P50895,P50895,NONE,NONE,NONE,NONE
ENOG410IWNR,2,1,NONE,NONE,NONE,NONE,NONE,NONE,F1QNG2,F1QNG2,Q92985,ZERO,NONE,NONE,NONE,NONE
ENOG410IJK4,2,1,NONE,NONE,NONE,NONE,NONE,NONE,F1QP10;Q568F1,ZERO,P56750,P56750,NONE,NONE,NONE,NONE
ENOG410IX61,2,1,NONE,NONE,NONE,NONE,NONE,NONE,F1QPE3,ZERO,Q14213,Q14213,NONE,NONE,NONE,NONE
ENOG410IP68,2,1,NONE,NONE,NONE,NONE,NONE,NONE,F1QPJ1,ZERO,Q9Y6N6,Q9Y6N6,NONE,NONE,NONE,NONE
ENOG410IG23,2,1,NONE,NONE,NONE,NONE,NONE,NONE,F1QQ50,ZERO,Q9NRI5,Q9NRI5,NONE,NONE,NONE,NONE
ENOG410IN3C,2,1,NONE,NONE,NONE,NONE,NONE,NONE,F1QS13,ZERO,O60486,O60486,NONE,NONE,NONE,NONE
ENOG410IUGJ,2,1,NONE,NONE,NONE,NONE,NONE,NONE,F1QSA4,ZERO,P20916,P20916,NONE,NONE,NONE,NONE
ENOG410IPBA,2,2,NONE,NONE,NONE,NONE,NONE,NONE,F1QSJ9,F1QSJ9,P20702;P11215;Q13349,P20702;P11215;Q13349,NONE,NONE,NONE,NONE
ENOG410IIBU,2,1,NONE,NONE,NONE,NONE,NONE,NONE,F1QTY1,ZERO,Q9NZQ7,Q9NZQ7,NONE,NONE,NONE,NONE
ENOG410IHQ4,2,1,NONE,NONE,NONE,NONE,NONE,NONE,F1QUA2,ZERO,Q9Y275,Q9Y275,NONE,NONE,NONE,NONE
ENOG410IGSZ,2,1,NONE,NONE,NONE,NONE,NONE,NONE,F1QV03,ZERO,P01584,P01584,NONE,NONE,NONE,NONE
ENOG410IQ5Q,2,1,NONE,NONE,NONE,NONE,NONE,NONE,F1QVH4,F1QVH4,X5DQN9,ZERO,NONE,NONE,NONE,NONE
ENOG410IT7Y,2,1,NONE,NONE,NONE,NONE,NONE,NONE,F1QVR2,ZERO,Q9H9Q4,Q9H9Q4,NONE,NONE,NONE,NONE
ENOG410IM01,2,1,NONE,NONE,NONE,NONE,NONE,NONE,F1QW19;F1RCI2;M9MM93,ZERO,X5CF87,X5CF87,NONE,NONE,NONE,NONE
ENOG410IS74,2,1,NONE,NONE,NONE,NONE,NONE,NONE,F1QWK2,ZERO,Q5TAT6,Q5TAT6,NONE,NONE,NONE,NONE
ENOG410IF17,2,2,NONE,NONE,NONE,NONE,NONE,NONE,F1QXJ2;I3ISQ6,F1QXJ2;I3ISQ6,Q15223,Q15223,NONE,NONE,NONE,NONE
ENOG410II9V,2,1,NONE,NONE,NONE,NONE,NONE,NONE,F1QY35;Q5TYP2;Q5TYP5,ZERO,P21754,P21754,NONE,NONE,NONE,NONE
ENOG410IH8M,2,2,NONE,NONE,NONE,NONE,NONE,NONE,F1QYF3;F1R8E6,F1QYF3;F1R8E6,O95388,O95388,NONE,NONE,NONE,NONE
ENOG410IHYP,2,2,NONE,NONE,NONE,NONE,NONE,NONE,F1QZ71,F1QZ71,Q9HBM0,Q9HBM0,NONE,NONE,NONE,NONE
ENOG410IR6X,2,2,NONE,NONE,NONE,NONE,NONE,NONE,F1R089,F1R089,Q8IUX8,Q8IUX8,NONE,NONE,NONE,NONE
ENOG410IFE8,2,1,NONE,NONE,NONE,NONE,NONE,NONE,F1R1C5,ZERO,Q9BXX0,Q9BXX0,NONE,NONE,NONE,NONE
ENOG410IVI4,2,2,NONE,NONE,NONE,NONE,NONE,NONE,F1R290;Q06W32,F1R290,Q07699,Q07699,NONE,NONE,NONE,NONE
ENOG410IPB6,2,2,NONE,NONE,NONE,NONE,NONE,NONE,F1R2R3,F1R2R3,P26006,P26006,NONE,NONE,NONE,NONE
ENOG410IR0E,2,2,NONE,NONE,NONE,NONE,NONE,NONE,F1R4B2,F1R4B2,Q5H8C1,Q5H8C1,NONE,NONE,NONE,NONE
ENOG410IENN,2,1,NONE,NONE,NONE,NONE,NONE,NONE,F1R4C0,ZERO,Q86WV1,Q86WV1,NONE,NONE,NONE,NONE
ENOG410IFUG,2,1,NONE,NONE,NONE,NONE,NONE,NONE,F1R5N2,ZERO,Q5JRA6,Q5JRA6,NONE,NONE,NONE,NONE
ENOG410IHN1,2,1,NONE,NONE,NONE,NONE,NONE,NONE,F1R656,ZERO,Q9UKB5,Q9UKB5,NONE,NONE,NONE,NONE
ENOG410ITRX,2,1,NONE,NONE,NONE,NONE,NONE,NONE,F1R6J2,ZERO,Q8TCU6,Q8TCU6,NONE,NONE,NONE,NONE
ENOG410IKI6,2,1,NONE,NONE,NONE,NONE,NONE,NONE,F1R7X7,ZERO,Q9H6Q3,Q9H6Q3,NONE,NONE,NONE,NONE
ENOG410IFZ3,2,1,NONE,NONE,NONE,NONE,NONE,NONE,F1R8M6,ZERO,Q9NWQ8,Q9NWQ8,NONE,NONE,NONE,NONE
ENOG410IGHT,2,1,NONE,NONE,NONE,NONE,NONE,NONE,F1R904,ZERO,Q99062,Q99062,NONE,NONE,NONE,NONE
ENOG410IF4S,2,1,NONE,NONE,NONE,NONE,NONE,NONE,F1R9E4,ZERO,Q8N9B5;Q8TF30,Q8TF30,NONE,NONE,NONE,NONE
ENOG410IN8F,2,1,NONE,NONE,NONE,NONE,NONE,NONE,F1RA83,ZERO,Q6UXL0,Q6UXL0,NONE,NONE,NONE,NONE
ENOG410JACG,2,1,NONE,NONE,NONE,NONE,NONE,NONE,F1RAH2,ZERO,P29017;P29016;P06126,P29017,NONE,NONE,NONE,NONE
ENOG410IEXI,2,1,NONE,NONE,NONE,NONE,NONE,NONE,F1RAN9,ZERO,P78509,P78509,NONE,NONE,NONE,NONE
ENOG410IES7,2,1,NONE,NONE,NONE,NONE,NONE,NONE,F1RB47,ZERO,Q9H7M9,Q9H7M9,NONE,NONE,NONE,NONE
ENOG410IS48,2,1,NONE,NONE,NONE,NONE,NONE,NONE,F1RCL0,ZERO,Q9BWP8;P35247,P35247,NONE,NONE,NONE,NONE
ENOG410IG4Z,2,1,NONE,NONE,NONE,NONE,NONE,NONE,F1RD11,ZERO,Q9H6S1,Q9H6S1,NONE,NONE,NONE,NONE
ENOG410IE3W,2,1,NONE,NONE,NONE,NONE,NONE,NONE,F1RDC8,ZERO,Q9Y223,Q9Y223,NONE,NONE,NONE,NONE
ENOG410IEGE,2,1,NONE,NONE,NONE,NONE,NONE,NONE,F1RDU7,ZERO,Q15025,Q15025,NONE,NONE,NONE,NONE
ENOG410IK2I,2,1,NONE,NONE,NONE,NONE,NONE,NONE,F1RE13,ZERO,Q5SW24,Q5SW24,NONE,NONE,NONE,NONE
ENOG410INZ5,2,1,NONE,NONE,NONE,NONE,NONE,NONE,F1RE66,F1RE66,Q8WZ75,ZERO,NONE,NONE,NONE,NONE
ENOG410IXIG,2,2,NONE,NONE,NONE,NONE,NONE,NONE,F6NMW3,F6NMW3,P31431,P31431,NONE,NONE,NONE,NONE
ENOG410J4PJ,2,1,NONE,NONE,NONE,NONE,NONE,NONE,F6P9I0,ZERO,Q99674,Q99674,NONE,NONE,NONE,NONE
ENOG410INP7,2,1,NONE,NONE,NONE,NONE,NONE,NONE,F8W264,ZERO,Q6ZMI3,Q6ZMI3,NONE,NONE,NONE,NONE
ENOG410IFBM,2,1,NONE,NONE,NONE,NONE,NONE,NONE,F8W2R4,ZERO,Q14CZ8,Q14CZ8,NONE,NONE,NONE,NONE
ENOG410IHH9,2,1,NONE,NONE,NONE,NONE,NONE,NONE,F8W454,ZERO,Q5VWK5,Q5VWK5,NONE,NONE,NONE,NONE
ENOG410IITK,2,1,NONE,NONE,NONE,NONE,NONE,NONE,G1K2L5,ZERO,K7PPA8,K7PPA8,NONE,NONE,NONE,NONE
ENOG410IFKB,2,2,NONE,NONE,NONE,NONE,NONE,NONE,Q5RHU2,Q5RHU2,O00592;Q9NZ53,O00592;Q9NZ53,NONE,NONE,NONE,NONE
ENOG410IFN6,2,1,NONE,NONE,NONE,NONE,NONE,NONE,Q5RG21,ZERO,O14713,O14713,NONE,NONE,NONE,NONE
ENOG410IIHQ,2,1,NONE,NONE,NONE,NONE,NONE,NONE,Q6DH01,ZERO,O15537,O15537,NONE,NONE,NONE,NONE
ENOG410IEXU,2,1,NONE,NONE,NONE,NONE,NONE,NONE,Q6DHL0,ZERO,O75508,O75508,NONE,NONE,NONE,NONE
ENOG410IHPN,2,1,NONE,NONE,NONE,NONE,NONE,NONE,Q9YH92;Q6DHP1,ZERO,O95471,O95471,NONE,NONE,NONE,NONE
ENOG410IKIQ,2,1,NONE,NONE,NONE,NONE,NONE,NONE,Q1LYJ7,ZERO,P01042,P01042,NONE,NONE,NONE,NONE
ENOG410IY3P,2,1,NONE,NONE,NONE,NONE,NONE,NONE,Q8JIE4,ZERO,P01344,P01344,NONE,NONE,NONE,NONE
ENOG410IJ2T,2,1,NONE,NONE,NONE,NONE,NONE,NONE,Q90VV9;Q5U3B4,ZERO,P05019,P05019,NONE,NONE,NONE,NONE
ENOG410IXU4,2,1,NONE,NONE,NONE,NONE,NONE,NONE,Q642J9,ZERO,P0DJI8;P0DJI9,P0DJI8,NONE,NONE,NONE,NONE
ENOG410IHUR,2,1,NONE,NONE,NONE,NONE,NONE,NONE,Q9PTH3,ZERO,P18065,P18065,NONE,NONE,NONE,NONE
ENOG410IWDR,2,1,NONE,NONE,NONE,NONE,NONE,NONE,Q6IQW5,ZERO,P41134,P41134,NONE,NONE,NONE,NONE
ENOG410J1S5,2,1,NONE,NONE,NONE,NONE,NONE,NONE,Q8AV10;Q6V9B5,ZERO,P48061,P48061,NONE,NONE,NONE,NONE
ENOG410IPZI,2,1,NONE,NONE,NONE,NONE,NONE,NONE,Q6P0E1,ZERO,P48431,P48431,NONE,NONE,NONE,NONE
ENOG410IJ5S,2,2,NONE,NONE,NONE,NONE,NONE,NONE,Q1RLW7,Q1RLW7,P55895,P55895,NONE,NONE,NONE,NONE
ENOG410IKVT,2,1,NONE,NONE,NONE,NONE,NONE,NONE,Q7T2E7;Q1RLW4,ZERO,P56746,P56746,NONE,NONE,NONE,NONE
ENOG410IE44,2,1,NONE,NONE,NONE,NONE,NONE,NONE,Q90XR1,ZERO,P56749,P56749,NONE,NONE,NONE,NONE
ENOG410IXW9,2,1,NONE,NONE,NONE,NONE,NONE,NONE,Q5XJJ5,ZERO,P60903,P60903,NONE,NONE,NONE,NONE
ENOG410IGDG,2,2,NONE,NONE,NONE,NONE,NONE,NONE,Q90Y50,Q90Y50,P78310,P78310,NONE,NONE,NONE,NONE
ENOG410IEWW,2,1,NONE,NONE,NONE,NONE,NONE,NONE,Q58ED3,ZERO,P78539,P78539,NONE,NONE,NONE,NONE
ENOG410IPT1,2,1,NONE,NONE,NONE,NONE,NONE,NONE,Q6DG59,ZERO,P98153,P98153,NONE,NONE,NONE,NONE
ENOG410J0NP,2,1,NONE,NONE,NONE,NONE,NONE,NONE,Q5TZ44,ZERO,Q04900,Q04900,NONE,NONE,NONE,NONE
ENOG410IGCN,2,1,NONE,NONE,NONE,NONE,NONE,NONE,Q29RF0,ZERO,Q07507,Q07507,NONE,NONE,NONE,NONE
ENOG410IWQJ,2,1,NONE,NONE,NONE,NONE,NONE,NONE,Q9I9N4;Q08BX9,ZERO,Q07812,Q07812,NONE,NONE,NONE,NONE
ENOG410IK33,2,1,NONE,NONE,NONE,NONE,NONE,NONE,Q1LVQ8,ZERO,Q14714,Q14714,NONE,NONE,NONE,NONE
ENOG410IVG7,2,1,NONE,NONE,NONE,NONE,NONE,NONE,Q6NW92,ZERO,Q16270,Q16270,NONE,NONE,NONE,NONE
ENOG410IGTQ,2,2,NONE,NONE,NONE,NONE,NONE,NONE,Q1ECV8;Q7T364,Q1ECV8;Q7T364,Q6P589,Q6P589,NONE,NONE,NONE,NONE
ENOG410IG5H,2,1,NONE,NONE,NONE,NONE,NONE,NONE,Q567D5,ZERO,Q8N6F1,Q8N6F1,NONE,NONE,NONE,NONE
ENOG410INPA,2,1,NONE,NONE,NONE,NONE,NONE,NONE,Q5F0G5,ZERO,Q99972,Q99972,NONE,NONE,NONE,NONE
ENOG410IGZE,2,1,NONE,NONE,NONE,NONE,NONE,NONE,Q5RH95,ZERO,Q8WXG1,Q8WXG1,NONE,NONE,NONE,NONE
ENOG410IFBP,2,1,NONE,NONE,NONE,NONE,NONE,NONE,Q5XJ95,ZERO,Q96IZ0,Q96IZ0,NONE,NONE,NONE,NONE
ENOG410IFDW,2,1,NONE,NONE,NONE,NONE,NONE,NONE,Q66IC9,ZERO,Q9BZX4;Q9HAT0,Q9BZX4,NONE,NONE,NONE,NONE
ENOG410ISDW,2,1,NONE,NONE,NONE,NONE,NONE,NONE,Q6IWL4,ZERO,Q9Y4K3,Q9Y4K3,NONE,NONE,NONE,NONE
ENOG410JQDX,2,1,NONE,NONE,NONE,NONE,NONE,NONE,E7F017;F1QTK9,ZERO,NONE,NONE,NONE,NONE,Q9HDY9,Q9HDY9
ENOG410IU8N,2,1,NONE,NONE,NONE,NONE,NONE,NONE,NONE,NONE,O43586,O43586,NONE,NONE,Q09822;Q10199,ZERO
